timestamp_s,trunk_angle_deg,trunk_score,cervical_cm,cervical_score,lean_score,pss_raw,pss_smooth
315.595,2.28,0.0000,1.38,0.0829,0.1664,0.2477,0.2477
315.721,2.34,0.0000,1.36,0.0813,0.1632,0.2458,0.2463
315.852,2.49,0.0000,1.19,0.0713,0.1638,0.2355,0.2430
315.985,2.55,0.0000,1.20,0.0719,0.1584,0.2356,0.2407
316.087,2.60,0.0000,1.56,0.0937,0.1553,0.2576,0.2424
316.192,2.62,0.0000,1.49,0.0897,0.1468,0.2527,0.2447
316.326,2.63,0.0000,1.62,0.0972,0.1373,0.2594,0.2462
316.456,2.73,0.0000,1.60,0.0957,0.1353,0.2577,0.2478
316.559,2.59,0.0000,1.55,0.0931,0.1306,0.2546,0.2486
316.663,2.62,0.0000,1.73,0.1040,0.1253,0.2652,0.2504
316.793,2.71,0.0000,1.70,0.1022,0.1236,0.2632,0.2537
316.937,2.76,0.0000,1.61,0.0966,0.1210,0.2571,0.2564
317.052,2.79,0.0000,1.60,0.0962,0.1248,0.2572,0.2588
317.160,2.74,0.0000,1.71,0.1026,0.1252,0.2637,0.2604
317.293,2.73,0.0000,1.58,0.0949,0.1283,0.2562,0.2609
317.402,2.81,0.0000,1.53,0.0917,0.1317,0.2533,0.2606
317.523,2.89,0.0000,1.30,0.0781,0.1354,0.2397,0.2594
317.657,2.90,0.0000,1.19,0.0717,0.1383,0.2334,0.2554
317.774,2.85,0.0000,1.33,0.0800,0.1319,0.2413,0.2525
317.874,2.96,0.0000,1.28,0.0767,0.1405,0.2388,0.2507
317.980,2.92,0.0000,1.40,0.0841,0.1495,0.2473,0.2488
318.083,3.01,0.0000,1.37,0.0822,0.1422,0.2446,0.2467
318.201,3.01,0.0000,1.38,0.0830,0.1464,0.2459,0.2444
318.304,3.06,0.0000,1.33,0.0800,0.1513,0.2433,0.2433
318.426,3.10,0.0000,1.43,0.0859,0.1552,0.2497,0.2421
318.534,3.11,0.0000,1.53,0.0917,0.1458,0.2547,0.2425
318.635,3.08,0.0000,2.06,0.1235,0.1356,0.2862,0.2469
318.758,3.30,0.0000,1.76,0.1057,0.0797,0.2623,0.2508
318.881,3.45,0.0880,1.84,0.1106,0.0000,0.2638,0.2535
318.991,2.86,0.1381,2.13,0.1277,0.0000,0.2838,0.2565
319.130,3.07,0.1080,2.46,0.1475,0.0000,0.3026,0.2629
319.255,3.14,0.0436,3.07,0.1840,0.0000,0.3366,0.2729
319.371,3.23,0.0295,3.16,0.1897,0.0000,0.3415,0.2823
319.504,3.15,0.0266,3.04,0.1824,0.0000,0.3339,0.2954
319.606,3.11,0.0353,3.55,0.2131,0.0243,0.3683,0.3046
319.710,2.99,0.0178,4.06,0.2435,0.0422,0.4003,0.3157
319.828,3.01,0.0000,5.02,0.3009,0.0000,0.4200,0.3360
319.945,2.97,0.0000,6.50,0.3898,0.0000,0.4465,0.3534
320.077,3.09,0.0000,7.61,0.4568,0.1743,0.4840,0.3782
320.211,3.21,0.0000,8.51,0.5104,0.2689,0.5093,0.4043
320.312,3.25,0.0000,8.89,0.5337,0.2498,0.5141,0.4228
320.439,3.12,0.0000,8.98,0.5389,0.2276,0.5131,0.4449
320.552,3.00,0.0000,9.07,0.5442,0.1651,0.5084,0.4618
320.685,2.79,0.0000,8.18,0.4907,0.1736,0.4932,0.4792
320.787,2.45,0.0000,6.97,0.4183,0.0610,0.4602,0.4862
320.921,2.36,0.0000,6.89,0.4132,0.1170,0.4645,0.4908
321.024,2.42,0.0000,6.96,0.4177,0.0875,0.4631,0.4917
321.161,2.51,0.0000,6.67,0.4003,0.0151,0.4509,0.4875
321.262,2.81,0.0000,6.48,0.3890,0.0000,0.4462,0.4813
321.381,3.20,0.0000,6.48,0.3886,0.0000,0.4462,0.4723
321.492,3.51,0.0000,6.06,0.3634,0.0000,0.4386,0.4656
321.632,4.23,0.0000,8.96,0.5379,0.0445,0.4954,0.4602
321.757,5.27,0.0000,10.20,0.6120,0.0397,0.5170,0.4641
321.899,5.97,0.0000,10.69,0.6414,0.0779,0.5295,0.4728
322.010,6.33,0.0000,11.18,0.6709,0.0396,0.5342,0.4829
322.139,6.70,0.0000,10.52,0.6314,0.0327,0.5216,0.4904
322.261,6.60,0.0000,10.77,0.6461,0.0733,0.5300,0.5009
322.373,5.89,0.0000,10.47,0.6281,0.0982,0.5270,0.5096
322.509,5.00,0.0000,8.19,0.4916,0.0000,0.4749,0.5154
322.632,3.77,0.0000,7.48,0.4489,0.1112,0.4710,0.5144
322.758,2.81,0.0000,6.74,0.4043,0.0000,0.4431,0.5077
322.870,2.65,0.0000,5.78,0.3469,0.0000,0.4254,0.4985
322.993,2.54,0.0000,4.96,0.2977,0.0000,0.4088,0.4825
323.094,2.66,0.0000,4.93,0.2960,0.0000,0.4069,0.4700
323.209,2.65,0.0000,5.01,0.3006,0.0000,0.4088,0.4584
323.309,2.60,0.0000,5.13,0.3076,0.0000,0.4121,0.4465
323.435,2.51,0.0000,5.64,0.3385,0.0000,0.4210,0.4333
323.544,2.82,0.0000,5.77,0.3462,0.0000,0.4226,0.4280
323.671,3.21,0.0000,6.33,0.3799,0.0000,0.4323,0.4221
323.789,3.50,0.0000,7.26,0.4354,0.0000,0.4509,0.4204
323.906,3.78,0.0000,8.29,0.4976,0.0000,0.4716,0.4241
324.022,3.95,0.0000,8.29,0.4976,0.0462,0.4779,0.4303
324.138,4.62,0.0000,8.80,0.5281,0.0000,0.4843,0.4397
324.264,5.31,0.0000,8.29,0.4973,0.0000,0.4763,0.4493
324.365,5.72,0.0000,7.02,0.4215,0.0000,0.4542,0.4541
324.469,6.42,0.0000,5.22,0.3132,0.0000,0.4222,0.4556
324.601,7.08,0.0265,3.15,0.1890,0.0000,0.3398,0.4482
324.737,7.65,0.0342,2.33,0.1398,0.0000,0.2901,0.4303
324.838,8.48,0.0638,2.09,0.1253,0.0495,0.2820,0.4135
324.938,8.67,0.0851,1.05,0.0630,0.1472,0.2291,0.3920
325.051,8.60,0.0747,-1.03,0.0442,0.1536,0.1461,0.3501
325.164,7.78,0.0687,-1.57,0.0673,0.1249,0.1332,0.3159
325.276,5.77,0.0523,-0.36,0.0153,0.2097,0.1629,0.2832
325.395,5.06,0.0723,-0.83,0.0355,0.2060,0.1549,0.2419
325.511,5.11,0.0259,-1.18,0.0505,0.1587,0.1413,0.2132
325.646,4.57,0.0000,-1.16,0.0499,0.2102,0.1453,0.1865
325.780,4.74,0.0000,-0.78,0.0336,0.1991,0.1509,0.1672
325.881,4.61,0.0000,-0.55,0.0234,0.2158,0.1565,0.1550
326.017,4.66,0.0000,0.32,0.0190,0.2165,0.1857,0.1497
326.152,4.51,0.0000,-0.11,0.0045,0.2051,0.1625,0.1540
326.253,4.85,0.0000,-1.37,0.0586,0.1261,0.1317,0.1537
326.386,5.28,0.0000,-1.35,0.0576,0.0543,0.1253,0.1507
326.489,5.95,0.0000,-1.33,0.0571,0.0201,0.1225,0.1493
326.591,6.45,0.0000,-0.94,0.0405,0.0000,0.1279,0.1477
326.724,6.73,0.0000,-0.34,0.0147,0.0000,0.1388,0.1464
326.825,6.66,0.0000,0.05,0.0031,0.0000,0.1475,0.1460
326.929,6.70,0.0000,0.16,0.0095,0.0000,0.1522,0.1453
327.030,6.74,0.0000,0.59,0.0356,0.0000,0.1777,0.1448
327.151,6.29,0.0000,0.87,0.0520,0.0000,0.1951,0.1464
327.253,6.58,0.0000,0.84,0.0502,0.0000,0.1942,0.1519
327.355,7.10,0.0000,0.77,0.0463,0.0000,0.1904,0.1583
327.501,7.50,0.0000,0.76,0.0457,0.0000,0.1877,0.1671
327.601,9.03,0.0000,0.45,0.0271,0.0000,0.1675,0.1723
327.720,10.44,0.0000,0.04,0.0026,0.0000,0.1442,0.1748
327.832,10.09,0.0000,-1.18,0.0504,0.0000,0.1217,0.1727
327.970,10.46,0.0000,-1.57,0.0673,0.0000,0.1154,0.1675
328.077,10.66,0.0000,-1.65,0.0709,0.0000,0.1143,0.1609
328.204,9.68,0.0000,-1.66,0.0714,0.0000,0.1145,0.1501
328.319,9.22,0.0000,-1.84,0.0787,0.0000,0.1116,0.1388
328.443,9.49,0.0000,-1.92,0.0823,0.0000,0.1102,0.1309
328.571,9.24,0.0000,-2.04,0.0875,0.0000,0.1082,0.1213
328.693,8.49,0.0000,-1.96,0.0840,0.0000,0.1095,0.1156
328.794,8.32,0.0000,-1.82,0.0779,0.0000,0.1122,0.1130
328.911,8.82,0.0000,-1.91,0.0817,0.0000,0.1104,0.1120
329.020,9.13,0.0000,-1.68,0.0718,0.0000,0.1144,0.1117
329.122,8.80,0.0000,-1.34,0.0575,0.0000,0.1202,0.1121
329.240,8.58,0.0000,-1.22,0.0522,0.0000,0.1224,0.1126
329.342,8.59,0.0000,-1.57,0.0675,0.0000,0.1160,0.1132
329.445,8.65,0.0000,-1.86,0.0795,0.0000,0.1108,0.1131
329.563,7.72,0.1479,-2.04,0.0873,0.0000,0.1152,0.1134
329.673,8.85,0.2188,-1.36,0.0584,0.0000,0.1314,0.1148
329.790,8.33,0.1273,-1.70,0.0727,0.0000,0.1209,0.1164
329.896,8.92,0.0730,-0.96,0.0413,0.0000,0.1317,0.1186
330.026,8.29,0.1244,-1.73,0.0742,0.0000,0.1204,0.1204
330.168,8.33,0.1695,-1.81,0.0777,0.0000,0.1212,0.1206
330.302,7.45,0.0475,-2.08,0.0890,0.0000,0.1103,0.1203
330.426,8.25,0.0203,-1.99,0.0852,0.0000,0.1103,0.1199
330.536,9.77,0.2757,-2.11,0.0903,0.0000,0.1211,0.1206
330.666,9.61,0.1833,-2.07,0.0885,0.0000,0.1173,0.1197
330.795,12.83,0.5350,-2.59,0.1112,0.0000,0.1254,0.1189
330.924,7.90,0.1156,-2.02,0.0866,0.0000,0.1149,0.1168
331.049,8.19,0.1959,-2.06,0.0883,0.0000,0.1183,0.1159
331.162,7.80,0.1840,-2.39,0.1024,0.0000,0.1118,0.1155
331.278,9.69,0.2064,-2.37,0.1015,0.0000,0.1133,0.1153
331.399,7.93,0.1219,-2.43,0.1041,0.0000,0.1077,0.1156
331.499,9.13,0.2157,-2.36,0.1013,0.0000,0.1137,0.1154
331.626,8.78,0.2027,-1.81,0.0778,0.0000,0.1231,0.1159
331.726,8.81,0.2412,-2.08,0.0892,0.0000,0.1202,0.1165
331.827,10.68,0.2699,-2.85,0.1221,0.0000,0.1078,0.1156
331.963,7.01,0.0697,-2.05,0.0879,0.0000,0.1122,0.1146
332.064,6.75,0.0835,-2.14,0.0916,0.0000,0.1114,0.1145
332.197,6.23,0.1428,-2.48,0.1062,0.0000,0.1081,0.1131
332.316,9.91,0.3658,-2.26,0.0968,0.0000,0.1233,0.1135
332.428,8.41,0.1762,-1.85,0.0792,0.0000,0.1213,0.1148
332.554,6.57,0.0586,-1.91,0.0819,0.0000,0.1140,0.1144
332.655,6.78,0.1508,-1.76,0.0754,0.0000,0.1215,0.1141
332.761,5.80,0.0666,-1.98,0.0849,0.0000,0.1130,0.1145
332.893,8.24,0.2092,-2.36,0.1010,0.0000,0.1135,0.1154
333.020,6.47,0.2119,-2.10,0.0898,0.0000,0.1185,0.1151
333.151,7.77,0.2403,-2.42,0.1038,0.0000,0.1140,0.1159
333.276,9.01,0.1308,-2.38,0.1022,0.0000,0.1093,0.1161
333.405,8.82,0.2616,-2.41,0.1033,0.0000,0.1154,0.1142
333.546,7.50,0.0576,-2.21,0.0945,0.0000,0.1089,0.1156
333.680,8.44,0.2851,-2.63,0.1128,0.0000,0.1124,0.1144
333.808,10.34,0.3121,-1.26,0.0542,0.0000,0.1387,0.1161
333.930,8.47,0.2147,-2.66,0.1138,0.0000,0.1086,0.1182
334.063,9.16,0.2389,-2.17,0.0930,0.0000,0.1186,0.1166
334.193,7.14,0.0820,-3.11,0.1332,0.0000,0.0937,0.1149
334.341,6.11,0.1151,-2.75,0.1179,0.0000,0.1019,0.1147
334.474,7.06,0.1151,-3.51,0.1505,0.0000,0.0881,0.1112
334.592,10.21,0.2917,-3.43,0.1468,0.0000,0.0985,0.1085
334.708,9.20,0.2292,-2.24,0.0961,0.0000,0.1168,0.1077
334.842,8.88,0.2097,-2.22,0.0951,0.0000,0.1163,0.1057
334.962,6.54,0.0140,-2.12,0.0907,0.0000,0.1084,0.1040
335.085,7.41,0.1655,-2.73,0.1169,0.0000,0.1049,0.1031
335.216,8.19,0.2854,-2.60,0.1114,0.0000,0.1132,0.1037
335.347,7.38,0.3163,-2.25,0.0964,0.0000,0.1211,0.1042
335.452,7.04,0.2465,-2.81,0.1206,0.0000,0.1074,0.1045
335.569,8.25,0.3109,-2.13,0.0912,0.0000,0.1230,0.1067
335.690,9.59,0.3199,-2.95,0.1266,0.0000,0.1085,0.1069
335.817,10.37,0.3689,-3.57,0.1529,0.0000,0.0998,0.1065
335.922,7.20,0.1699,-2.18,0.0934,0.0000,0.1151,0.1071
336.065,6.99,0.1603,-2.50,0.1073,0.0000,0.1087,0.1084
336.189,9.03,0.2952,-3.21,0.1376,0.0000,0.1026,0.1089
336.304,6.70,0.1211,-3.33,0.1426,0.0000,0.0918,0.1086
336.407,7.36,0.1537,-2.46,0.1054,0.0000,0.1091,0.1093
336.533,9.52,0.2863,-2.81,0.1203,0.0000,0.1095,0.1090
336.662,8.42,0.1014,-3.24,0.1387,0.0000,0.0924,0.1077
336.781,5.80,0.0000,-2.54,0.1089,0.0000,0.0999,0.1071
336.888,6.49,0.0701,-3.21,0.1374,0.0000,0.0913,0.1064
337.003,6.36,0.0000,-1.86,0.0795,0.0000,0.1124,0.1059
337.106,6.93,0.2019,-2.37,0.1017,0.0000,0.1131,0.1055
337.226,6.73,0.1662,-1.88,0.0807,0.0000,0.1202,0.1061
337.354,9.57,0.3707,-3.37,0.1443,0.0000,0.1035,0.1051
337.476,7.51,0.2472,-2.91,0.1247,0.0000,0.1056,0.1044
337.600,6.39,0.1123,-2.90,0.1244,0.0000,0.0990,0.1047
337.727,6.06,0.0000,-3.38,0.1448,0.0000,0.0848,0.1037
337.837,6.83,0.0204,-2.94,0.1260,0.0000,0.0937,0.1022
337.959,10.10,0.2864,-3.34,0.1430,0.0000,0.0998,0.1019
338.059,7.61,0.1740,-3.71,0.1591,0.0000,0.0874,0.1019
338.179,6.04,0.0331,-3.48,0.1492,0.0000,0.0846,0.1007
338.294,9.41,0.3413,-3.66,0.1569,0.0000,0.0967,0.0995
338.422,8.66,0.3358,-2.11,0.0906,0.0000,0.1245,0.1012
338.549,7.06,0.1496,-1.94,0.0830,0.0000,0.1184,0.1022
338.669,19.38,0.6088,-2.82,0.1210,0.0000,0.1253,0.1040
338.797,8.53,0.2015,-3.21,0.1374,0.0000,0.0980,0.1040
338.923,12.89,0.4461,-3.78,0.1620,0.0000,0.0998,0.1029
339.050,7.87,0.2041,-2.92,0.1249,0.0000,0.1034,0.1016
339.167,7.41,0.1964,-2.37,0.1015,0.0000,0.1129,0.1012
339.297,7.08,0.1445,-2.39,0.1024,0.0000,0.1100,0.1019
339.440,5.31,0.1513,-2.06,0.0885,0.0000,0.1162,0.1038
339.561,7.93,0.3749,-2.77,0.1186,0.0000,0.1147,0.1059
339.691,3.77,0.4021,-1.40,0.0601,0.0000,0.1408,0.1088
339.857,4.05,0.3758,-1.31,0.0560,0.0000,0.1413,0.1138
339.971,4.55,0.3920,-1.10,0.0473,0.0000,0.1457,0.1175
340.120,3.05,0.1024,-2.69,0.1154,0.0000,0.1024,0.1183
340.269,6.31,0.1874,-3.48,0.1491,0.0000,0.0924,0.1161
340.378,7.68,0.2051,-3.57,0.1532,0.0000,0.0915,0.1142
340.501,7.46,0.1048,-3.84,0.1646,0.0000,0.0816,0.1130
340.630,8.32,0.1687,-3.65,0.1565,0.0000,0.0883,0.1129
340.746,8.27,0.2072,-3.43,0.1471,0.0000,0.0942,0.1130
340.874,6.41,0.1895,-4.81,0.2059,0.0000,0.0732,0.1099
340.986,6.22,0.1951,-3.70,0.1584,0.0000,0.0889,0.1050
341.116,9.74,0.4234,-3.31,0.1419,0.0000,0.1072,0.1024
341.241,7.10,0.2930,-2.86,0.1228,0.0000,0.1088,0.0985
341.343,7.79,0.3116,-3.43,0.1469,0.0000,0.0995,0.0959
341.458,5.61,0.2473,-3.88,0.1661,0.0000,0.0881,0.0943
341.577,10.38,0.4405,-3.16,0.1355,0.0000,0.1107,0.0970
341.705,7.34,0.2540,-3.06,0.1311,0.0000,0.1033,0.0979
341.833,8.59,0.3069,-2.08,0.0890,0.0000,0.1238,0.1011
341.943,8.00,0.2738,-3.66,0.1569,0.0000,0.0934,0.1038
342.066,9.93,0.4050,-2.70,0.1156,0.0000,0.1175,0.1045
342.172,6.29,0.1293,-4.04,0.1730,0.0000,0.0793,0.1033
342.301,9.06,0.3131,-4.85,0.2080,0.0000,0.0810,0.1002
342.440,7.25,0.1703,-4.83,0.2069,0.0000,0.0729,0.0981
342.567,12.26,0.4463,-5.06,0.2167,0.0000,0.0944,0.0954
342.701,6.39,0.2287,-4.54,0.1946,0.0000,0.0751,0.0918
342.842,5.02,0.1765,-2.87,0.1231,0.0000,0.1029,0.0879
342.970,8.05,0.3325,-4.29,0.1839,0.0000,0.0849,0.0869
343.100,7.91,0.3288,-3.41,0.1463,0.0000,0.1006,0.0839
343.239,4.59,0.1560,-2.16,0.0927,0.0000,0.1147,0.0874
343.368,4.35,0.1205,-3.65,0.1565,0.0000,0.0859,0.0887
343.472,5.61,0.2696,-3.71,0.1588,0.0000,0.0924,0.0899
343.589,6.57,0.3194,-3.60,0.1541,0.0000,0.0969,0.0914
343.711,3.36,0.1568,-2.81,0.1203,0.0000,0.1031,0.0924
343.847,5.83,0.2684,-2.07,0.0888,0.0000,0.1219,0.0935
343.960,2.94,0.2064,-1.52,0.0651,0.0000,0.1289,0.0968
344.064,4.44,0.2262,-1.63,0.0700,0.0000,0.1278,0.1003
344.175,7.78,0.4120,-2.58,0.1106,0.0000,0.1199,0.1024
344.302,3.28,0.1160,-1.37,0.0589,0.0000,0.1270,0.1043
344.422,3.91,0.1070,-1.79,0.0765,0.0000,0.1191,0.1066
344.549,5.43,0.1961,-3.55,0.1522,0.0000,0.0915,0.1078
344.671,6.38,0.2148,-4.18,0.1791,0.0000,0.0810,0.1074
344.789,7.81,0.2961,-4.19,0.1798,0.0000,0.0848,0.1061
344.907,4.37,0.2321,-2.40,0.1030,0.0000,0.1141,0.1057
345.034,5.73,0.2343,-3.52,0.1509,0.0000,0.0940,0.1054
345.161,6.18,0.3206,-3.91,0.1677,0.0000,0.0912,0.1054
345.288,4.97,0.1372,-2.79,0.1197,0.0000,0.1023,0.1056
345.411,6.87,0.2693,-3.93,0.1685,0.0000,0.0883,0.1054
345.573,6.38,0.1984,-4.45,0.1909,0.0000,0.0752,0.1032
345.695,3.92,0.0000,-2.79,0.1196,0.0000,0.0955,0.1020
345.807,8.01,0.3148,-2.74,0.1173,0.0000,0.1122,0.1006
345.943,5.33,0.1257,-3.07,0.1316,0.0000,0.0967,0.0988
346.117,5.35,0.1735,-3.62,0.1553,0.0000,0.0891,0.0956
346.245,5.68,0.2094,-4.19,0.1794,0.0000,0.0807,0.0928
346.375,7.80,0.3709,-4.16,0.1783,0.0000,0.0892,0.0920
346.495,5.98,0.1727,-3.25,0.1394,0.0000,0.0958,0.0924
346.601,5.08,0.0773,-2.74,0.1176,0.0000,0.1003,0.0938
346.708,6.38,0.1532,-4.25,0.1821,0.0000,0.0767,0.0915
346.835,6.08,0.0587,-4.12,0.1766,0.0000,0.0743,0.0896
346.975,6.45,0.1144,-4.66,0.1998,0.0000,0.0673,0.0871
347.120,7.30,0.2514,-4.90,0.2100,0.0000,0.0794,0.0860
347.247,5.76,0.0781,-3.66,0.1569,0.0000,0.0836,0.0867
347.376,8.22,0.2294,-4.42,0.1895,0.0000,0.0774,0.0851
347.500,10.22,0.3490,-4.74,0.2032,0.0000,0.0790,0.0830
347.622,8.90,0.3513,-4.48,0.1919,0.0000,0.0824,0.0821
347.748,6.66,0.1481,-4.26,0.1827,0.0000,0.0762,0.0808
347.875,6.89,0.1379,-4.45,0.1909,0.0000,0.0722,0.0800
347.987,8.10,0.2523,-4.71,0.2018,0.0000,0.0733,0.0794
348.089,7.26,0.2052,-4.77,0.2045,0.0000,0.0728,0.0785
348.216,7.22,0.1890,-5.17,0.2216,0.0000,0.0854,0.0769
348.344,8.05,0.2481,-4.82,0.2065,0.0000,0.0765,0.0757
348.517,7.70,0.2052,-5.07,0.2172,0.0000,0.0827,0.0765
348.639,7.64,0.2293,-5.12,0.2195,0.0000,0.0857,0.0773
348.765,6.60,0.1630,-4.90,0.2100,0.0000,0.0750,0.0782
348.893,5.69,0.1040,-4.95,0.2121,0.0000,0.0737,0.0785
349.020,7.15,0.2635,-5.19,0.2225,0.0000,0.0898,0.0784
349.136,7.79,0.3496,-5.15,0.2207,0.0000,0.0926,0.0790
349.241,5.14,0.1816,-4.99,0.2138,0.0000,0.0789,0.0793
349.355,5.70,0.1523,-4.00,0.1715,0.0000,0.0812,0.0793
349.457,5.43,0.0656,-4.44,0.1903,0.0000,0.0689,0.0786
349.569,8.23,0.3373,-4.79,0.2053,0.0000,0.0800,0.0791
349.689,7.76,0.3369,-3.15,0.1348,0.0000,0.1060,0.0811
349.821,5.58,0.0563,-2.15,0.0921,0.0000,0.1100,0.0837
349.955,8.30,0.2822,-4.31,0.1847,0.0000,0.0821,0.0843
350.090,6.75,0.0000,-4.71,0.2018,0.0000,0.0607,0.0835
350.195,5.91,0.0000,-2.92,0.1252,0.0000,0.0931,0.0833
350.341,6.22,0.0699,-2.06,0.0882,0.0000,0.1120,0.0848
350.474,6.72,0.3844,-0.32,0.0139,0.0278,0.1618,0.0894
350.581,6.37,0.3184,2.01,0.1203,0.0927,0.2937,0.1009
350.690,7.51,0.1549,2.45,0.1469,0.0000,0.3027,0.1157
350.807,8.23,0.0000,3.90,0.2342,0.0000,0.3827,0.1336
350.910,9.42,0.0000,5.75,0.3449,0.0000,0.4298,0.1564
351.034,8.74,0.0000,6.62,0.3974,0.0000,0.4456,0.1806
351.145,9.87,0.0000,7.24,0.4345,0.0000,0.4572,0.2059
351.257,9.84,0.0000,7.65,0.4590,0.0000,0.4649,0.2311
351.384,10.45,0.0000,6.60,0.3962,0.0000,0.4465,0.2545
351.512,9.61,0.0000,6.65,0.3989,0.0000,0.4476,0.2767
351.623,7.48,0.0000,6.28,0.3766,0.0396,0.4451,0.3007
351.749,5.87,0.0000,5.18,0.3111,0.0529,0.4269,0.3355
351.875,4.62,0.0000,5.06,0.3038,0.1362,0.4333,0.3817
351.975,4.81,0.0000,5.04,0.3023,0.1654,0.4359,0.4119
352.077,4.96,0.0000,4.17,0.2501,0.2365,0.4245,0.4268
352.180,5.31,0.0000,4.10,0.2460,0.2496,0.4218,0.4348
352.281,5.33,0.0000,4.25,0.2547,0.2466,0.4299,0.4346
352.385,5.97,0.0000,4.95,0.2971,0.1713,0.4351,0.4315
352.504,6.51,0.0000,6.04,0.3625,0.0919,0.4463,0.4311
352.606,7.92,0.0000,5.60,0.3361,0.0644,0.4354,0.4313
352.718,8.46,0.0000,4.90,0.2937,0.0279,0.4190,0.4318
352.826,8.90,0.0000,4.86,0.2914,0.0000,0.4151,0.4300
352.940,8.89,0.0000,5.03,0.3018,0.0000,0.4181,0.4293
353.043,8.76,0.0000,5.63,0.3379,0.0000,0.4287,0.4294
353.162,8.43,0.0000,5.51,0.3309,0.0000,0.4273,0.4300
353.273,8.07,0.0000,5.80,0.3479,0.0000,0.4325,0.4300
353.390,7.54,0.0000,6.07,0.3642,0.0000,0.4374,0.4298
353.505,7.59,0.0000,6.16,0.3698,0.0000,0.4389,0.4292
353.626,7.45,0.0000,6.09,0.3653,0.0000,0.4369,0.4295
353.741,7.55,0.0000,6.12,0.3670,0.0000,0.4375,0.4306
353.841,8.03,0.0000,5.91,0.3545,0.0000,0.4334,0.4320
353.961,8.65,0.0000,5.11,0.3066,0.0000,0.4192,0.4323
354.075,8.73,0.0000,5.05,0.3032,0.0000,0.4182,0.4315
354.186,8.32,0.0000,4.48,0.2690,0.0000,0.4078,0.4300
354.309,8.39,0.0000,4.59,0.2754,0.0000,0.4095,0.4270
354.442,8.51,0.0000,4.77,0.2865,0.0000,0.4132,0.4238
354.554,8.09,0.0000,5.00,0.3001,0.0000,0.4173,0.4216
354.671,8.31,0.0000,5.34,0.3205,0.0000,0.4236,0.4190
354.772,8.67,0.0000,5.61,0.3365,0.0000,0.4287,0.4183
354.905,8.51,0.0000,5.07,0.3043,0.0000,0.4193,0.4176
355.037,8.96,0.0000,4.97,0.2979,0.0000,0.4169,0.4176
355.138,8.85,0.0000,4.91,0.2947,0.0000,0.4159,0.4172
355.240,8.93,0.0000,4.82,0.2891,0.0000,0.4145,0.4181
355.351,8.78,0.0000,5.21,0.3127,0.0000,0.4215,0.4189
355.471,8.85,0.0000,5.34,0.3206,0.0000,0.4241,0.4198
355.584,9.21,0.0000,5.21,0.3125,0.0000,0.4218,0.4207
355.707,9.07,0.0000,4.81,0.2884,0.0000,0.4146,0.4199
355.810,8.93,0.0000,4.66,0.2799,0.0000,0.4121,0.4182
355.912,8.95,0.0000,4.44,0.2662,0.0000,0.4079,0.4168
356.040,8.71,0.0000,4.69,0.2812,0.0000,0.4125,0.4158
356.141,8.57,0.0000,4.66,0.2794,0.0000,0.4120,0.4155
356.275,8.59,0.0000,4.34,0.2601,0.0000,0.4063,0.4147
356.404,8.67,0.0000,4.32,0.2590,0.0000,0.4059,0.4131
356.522,8.49,0.0000,4.37,0.2622,0.0000,0.4070,0.4114
356.640,8.55,0.0000,4.07,0.2443,0.0000,0.3947,0.4078
356.741,8.64,0.0000,3.94,0.2364,0.0000,0.3867,0.4040
356.845,8.73,0.0000,3.88,0.2328,0.0000,0.3829,0.4016
356.985,9.07,0.0000,3.95,0.2368,0.0000,0.3871,0.3983
357.087,8.55,0.0000,4.55,0.2731,0.0000,0.4105,0.3981
357.190,8.42,0.0000,4.46,0.2674,0.0000,0.4089,0.3976
357.304,8.22,0.0000,4.46,0.2677,0.0000,0.4089,0.3977
357.440,8.27,0.0000,4.21,0.2523,0.0000,0.4031,0.3975
357.559,8.41,0.0000,3.96,0.2379,0.0000,0.3884,0.3960
357.690,8.04,0.0000,3.96,0.2376,0.0000,0.3882,0.3963
357.811,8.03,0.0000,4.07,0.2444,0.0000,0.3951,0.3976
357.911,8.57,0.0000,4.24,0.2546,0.0000,0.4048,0.3996
358.011,8.71,0.0000,4.27,0.2564,0.0000,0.4054,0.4009
358.139,8.75,0.0000,3.96,0.2375,0.0000,0.3879,0.3993
358.257,8.82,0.0000,4.15,0.2491,0.0000,0.3997,0.3978
358.381,8.74,0.0000,4.05,0.2431,0.0231,0.3959,0.3961
358.493,8.84,0.0000,4.17,0.2501,0.0174,0.4025,0.3964
358.611,8.82,0.0000,4.16,0.2498,0.0069,0.4012,0.3978
358.745,8.94,0.0000,4.05,0.2428,0.0000,0.3934,0.3989
358.847,9.10,0.0000,3.89,0.2333,0.0000,0.3838,0.3975
358.963,8.62,0.0000,4.09,0.2454,0.0000,0.3963,0.3957
359.068,8.60,0.0000,4.05,0.2429,0.0000,0.3935,0.3946
359.171,8.51,0.0000,3.84,0.2302,0.0000,0.3806,0.3933
359.288,8.38,0.0000,3.81,0.2285,0.0000,0.3788,0.3919
359.409,8.50,0.0000,3.96,0.2375,0.0000,0.3877,0.3916
359.510,8.36,0.0000,4.17,0.2502,0.0000,0.4009,0.3907
359.654,8.55,0.0000,4.02,0.2414,0.0000,0.3920,0.3900
359.784,8.48,0.0000,4.26,0.2559,0.0000,0.4055,0.3908
359.911,8.53,0.0000,4.19,0.2511,0.0000,0.4021,0.3928
360.043,8.50,0.0000,4.03,0.2420,0.0000,0.3929,0.3929
360.162,8.55,0.0000,3.99,0.2396,0.0000,0.3905,0.3935
360.271,8.24,0.0000,4.43,0.2656,0.0000,0.4086,0.3959
360.394,8.22,0.0000,4.52,0.2711,0.0000,0.4100,0.3983
360.522,8.43,0.0000,4.17,0.2504,0.0027,0.4016,0.4004
360.657,8.34,0.0000,4.18,0.2506,0.0000,0.4016,0.4012
360.778,8.70,0.0000,4.10,0.2459,0.0000,0.3960,0.4012
360.889,8.90,0.0000,4.65,0.2793,0.0000,0.4116,0.4016
361.008,8.46,0.0000,5.08,0.3049,0.0000,0.4183,0.4038
361.145,9.42,0.0000,5.46,0.3274,0.0000,0.4247,0.4080
361.274,9.27,0.0000,7.01,0.4205,0.0000,0.4513,0.4159
361.385,9.69,0.0000,8.11,0.4867,0.0000,0.4704,0.4210
361.498,9.86,0.0000,9.89,0.5933,0.0000,0.5028,0.4323
361.612,9.08,0.0000,11.06,0.6636,0.0000,0.5247,0.4446
361.753,8.27,0.0000,10.18,0.6107,0.0000,0.5099,0.4600
361.887,8.25,0.0000,9.03,0.5416,0.0000,0.4901,0.4723
362.023,8.25,0.0000,8.86,0.5314,0.0000,0.4876,0.4813
362.143,8.26,0.0000,8.73,0.5237,0.0000,0.4856,0.4893
362.244,8.08,0.0000,9.11,0.5466,0.0000,0.4926,0.4930
362.365,8.28,0.0000,9.27,0.5561,0.0000,0.4953,0.4977
362.492,8.69,0.0000,9.52,0.5713,0.0000,0.5000,0.4988
362.603,8.37,0.0000,9.61,0.5765,0.0000,0.5016,0.4967
362.719,8.21,0.0000,9.47,0.5683,0.0000,0.4987,0.4949
362.855,7.55,0.0000,9.52,0.5709,0.0000,0.4996,0.4944
362.971,7.13,0.0000,9.60,0.5761,0.0000,0.5011,0.4960
363.086,6.62,0.0000,9.26,0.5557,0.0000,0.4947,0.4974
363.224,6.65,0.0000,9.38,0.5630,0.0000,0.4963,0.4980
363.346,6.26,0.0000,8.98,0.5385,0.0000,0.4890,0.4973
363.457,6.05,0.0000,8.94,0.5365,0.0000,0.4881,0.4966
363.579,5.41,0.0000,9.28,0.5567,0.0093,0.4950,0.4954
363.690,5.37,0.0000,9.10,0.5459,0.0254,0.4931,0.4948
363.823,5.38,0.0000,9.11,0.5466,0.0277,0.4931,0.4939
363.923,5.11,0.0000,8.71,0.5228,0.0375,0.4870,0.4926
364.024,5.06,0.0000,8.88,0.5326,0.0479,0.4900,0.4911
364.140,5.09,0.0000,8.89,0.5332,0.0422,0.4900,0.4903
364.241,5.06,0.0000,8.57,0.5141,0.0527,0.4844,0.4897
364.343,5.19,0.0000,8.62,0.5170,0.0164,0.4808,0.4888
364.487,5.21,0.0000,8.75,0.5252,0.0221,0.4847,0.4881
364.591,5.57,0.0000,8.70,0.5220,0.0174,0.4836,0.4874
364.714,5.97,0.0000,8.89,0.5335,0.0182,0.4886,0.4867
364.824,6.38,0.0000,8.76,0.5257,0.0222,0.4868,0.4861
364.946,8.79,0.0000,8.88,0.5329,0.0000,0.4874,0.4859
365.079,10.62,0.0000,9.34,0.5603,0.0000,0.4962,0.4870
365.193,11.67,0.0000,8.84,0.5305,0.0000,0.4875,0.4869
365.323,12.39,0.0000,7.99,0.4791,0.0000,0.4724,0.4864
365.454,13.39,0.0000,8.91,0.5346,0.0000,0.4891,0.4859
365.556,15.97,0.0000,8.70,0.5219,0.0000,0.4852,0.4854
365.657,18.12,0.0000,7.78,0.4667,0.0000,0.4688,0.4849
365.772,21.46,0.0000,7.52,0.4514,0.0000,0.4645,0.4816
365.879,24.40,0.0000,7.98,0.4790,0.0000,0.4727,0.4798
366.012,27.10,0.0000,10.06,0.6036,0.0000,0.5097,0.4812
366.125,32.80,0.0000,10.84,0.6505,0.0000,0.5219,0.4838
366.260,48.22,0.0000,10.40,0.6242,0.0000,0.4982,0.4867
366.392,56.90,0.0000,11.72,0.7031,0.0000,0.5215,0.4927
366.516,60.06,0.0000,13.64,0.8184,0.0000,0.5598,0.5011
366.646,80.69,0.0000,10.99,0.6596,0.0000,0.5143,0.5061
366.778,76.13,0.0000,9.35,0.5609,0.0000,0.4892,0.5120
366.879,81.27,0.0000,9.84,0.5903,0.0000,0.5004,0.5147
367.016,95.28,0.0000,12.85,0.7708,0.0000,0.5578,0.5181
367.116,116.92,0.0000,6.24,0.3745,0.0000,0.4523,0.5159
367.243,124.53,0.0000,4.03,0.2418,0.0000,0.4119,0.5057
367.352,133.57,0.0000,3.12,0.1875,0.0000,0.3664,0.4885
367.470,135.82,0.0000,2.96,0.1779,0.0000,0.3665,0.4607
367.594,141.66,0.0000,7.64,0.4582,0.0000,0.5181,0.4539
367.707,138.87,0.0000,5.27,0.3162,0.0000,0.4756,0.4521
367.836,138.82,0.0000,7.71,0.4625,0.0000,0.5198,0.4501
367.960,138.48,0.0000,5.89,0.3534,0.0000,0.4927,0.4472
368.091,138.65,0.0000,7.27,0.4364,0.0000,0.5223,0.4423
368.206,136.23,0.0000,5.07,0.3040,0.0000,0.4789,0.4457
368.312,135.86,0.0000,3.91,0.2343,0.0000,0.4494,0.4553
368.414,138.37,0.0000,4.95,0.2971,0.0000,0.4785,0.4679
368.557,136.86,0.0000,3.09,0.1855,0.0000,0.3872,0.4750
368.683,140.39,0.0000,7.06,0.4236,0.0000,0.5088,0.4613
368.813,136.17,0.0000,4.81,0.2886,0.0000,0.4702,0.4670
368.915,138.65,0.0000,4.33,0.2597,0.0000,0.4623,0.4656
369.034,139.27,0.0000,5.20,0.3118,0.0000,0.4760,0.4677
369.161,139.20,0.0000,4.33,0.2600,0.0000,0.4543,0.4645
369.293,138.70,0.0000,2.98,0.1789,0.0000,0.3772,0.4619
369.394,140.80,0.0000,6.59,0.3954,0.0000,0.5164,0.4669
369.514,140.19,0.0000,8.80,0.5280,0.0000,0.5641,0.4750
369.622,142.70,0.0000,11.19,0.6713,0.0000,0.6084,0.4944
369.723,143.58,0.0000,9.79,0.5876,0.0000,0.5866,0.5025
369.858,140.97,0.0000,9.72,0.5834,0.0000,0.5870,0.5078
369.990,136.17,0.0000,3.90,0.2341,0.0000,0.4468,0.5131
370.119,137.61,0.0000,9.54,0.5723,0.0000,0.5780,0.5180
370.247,134.94,0.0000,7.53,0.4517,0.0000,0.5609,0.5357
370.355,133.96,0.0000,6.72,0.4034,0.0000,0.5515,0.5500
370.462,136.65,0.0000,14.10,0.8459,0.0000,0.6916,0.5708
370.574,139.26,0.0000,10.01,0.6007,0.0000,0.6129,0.5800
370.713,138.84,0.0000,8.93,0.5359,0.0000,0.6118,0.5865
370.828,138.36,0.0000,7.14,0.4285,0.0000,0.5664,0.5960
370.961,140.99,0.0000,5.84,0.3503,0.0000,0.5381,0.6006
371.068,137.24,0.0000,9.83,0.5896,0.0000,0.6309,0.6176
371.191,138.30,0.0000,12.50,0.7498,0.0000,0.6794,0.6237
371.329,140.17,0.0000,10.10,0.6062,0.0000,0.6458,0.6329
371.431,136.01,0.0000,5.48,0.3288,0.0000,0.5302,0.6248
371.563,139.98,0.0000,9.64,0.5785,0.0000,0.6003,0.6161
371.667,138.00,0.0000,7.70,0.4620,0.0000,0.5552,0.6030
371.786,137.64,0.0000,4.28,0.2569,0.0000,0.4678,0.5845
371.887,139.47,0.0000,5.19,0.3115,0.0000,0.4907,0.5727
371.994,138.20,0.0000,4.05,0.2427,0.0000,0.4470,0.5566
372.116,141.15,0.0000,5.98,0.3590,0.0000,0.4822,0.5358
372.220,141.06,0.0000,4.98,0.2990,0.0000,0.4707,0.5166
372.326,136.60,0.0000,5.89,0.3531,0.0000,0.4800,0.4995
372.426,138.54,0.0000,4.85,0.2907,0.0000,0.4718,0.4919
372.553,142.12,0.0000,6.85,0.4112,0.0000,0.5087,0.4828
372.680,140.95,0.0000,3.43,0.2056,0.0000,0.4103,0.4776
372.797,139.57,0.0000,6.31,0.3785,0.0000,0.5206,0.4872
372.931,141.74,0.0000,7.58,0.4548,0.0000,0.5317,0.4925
373.034,140.98,0.0000,3.60,0.2157,0.0000,0.4405,0.4968
373.149,139.70,0.0000,7.10,0.4261,0.0000,0.5474,0.5042
373.262,141.08,0.0000,9.03,0.5416,0.0000,0.6071,0.5125
373.365,136.48,0.0000,8.85,0.5310,0.0000,0.5943,0.5222
373.501,139.13,0.0000,4.46,0.2679,0.0000,0.5172,0.5264
373.602,138.63,0.0000,4.48,0.2685,0.0000,0.4947,0.5289
373.703,138.77,0.0000,4.09,0.2457,0.0000,0.4574,0.5295
373.806,139.14,0.0000,3.69,0.2211,0.0000,0.4302,0.5209
373.927,140.20,0.0000,4.41,0.2648,0.0000,0.4521,0.5119
374.042,141.15,0.0000,4.01,0.2408,0.0000,0.4319,0.5087
374.160,138.19,0.0000,5.34,0.3207,0.0000,0.4806,0.5076
374.275,143.72,0.0000,4.79,0.2872,0.0000,0.4540,0.4933
374.395,140.68,0.0000,4.13,0.2476,0.0000,0.4275,0.4818
374.518,143.53,0.0000,4.27,0.2564,0.0000,0.4378,0.4669
374.620,140.65,0.0000,4.61,0.2764,0.0000,0.4397,0.4640
374.729,142.87,0.0000,7.96,0.4777,0.0000,0.4986,0.4615
374.842,144.77,0.0000,9.95,0.5970,0.0000,0.5328,0.4638
374.957,141.99,0.0000,4.93,0.2957,0.0000,0.4371,0.4597
375.082,141.96,0.0000,3.67,0.2201,0.0000,0.3891,0.4522
375.183,140.58,0.0000,2.18,0.1305,0.0000,0.2974,0.4401
375.320,143.35,0.0000,4.92,0.2952,0.0000,0.4376,0.4349
375.422,141.84,0.0000,5.29,0.3172,0.0000,0.4469,0.4363
375.528,144.01,0.0000,6.30,0.3779,0.0000,0.4759,0.4405
375.659,143.27,0.0000,7.25,0.4348,0.0000,0.5049,0.4454
375.787,143.61,0.0000,6.02,0.3615,0.0000,0.4760,0.4443
375.927,140.83,0.0000,3.75,0.2253,0.0000,0.4158,0.4468
376.030,142.68,0.0000,5.73,0.3436,0.0000,0.4730,0.4462
376.153,144.33,0.0000,7.01,0.4206,0.0000,0.4926,0.4555
376.263,142.22,0.0000,4.40,0.2643,0.0000,0.4513,0.4622
376.363,142.53,0.0000,2.77,0.1664,0.0000,0.3676,0.4581
376.475,139.40,0.0000,4.85,0.2907,0.0000,0.4777,0.4528
376.622,141.24,0.0000,12.25,0.7349,0.0000,0.6222,0.4569
376.732,138.62,0.0000,10.06,0.6038,0.0000,0.6000,0.4687
376.856,137.66,0.0000,6.15,0.3690,0.0000,0.5533,0.4830
376.983,139.84,0.0000,7.14,0.4283,0.0000,0.5562,0.5026
377.083,137.52,0.0000,4.55,0.2731,0.0000,0.4966,0.5126
377.189,139.77,0.0000,3.47,0.2082,0.0000,0.4362,0.5061
377.325,139.12,0.0000,1.90,0.1143,0.0000,0.3328,0.5014
377.425,140.61,0.0000,1.35,0.0809,0.0000,0.2906,0.4889
377.529,141.07,0.0000,1.45,0.0871,0.0000,0.2877,0.4740
377.657,142.27,0.0000,1.35,0.0813,0.0000,0.2713,0.4326
377.759,144.63,0.0000,3.16,0.1893,0.0000,0.3749,0.4111
377.886,144.77,0.0000,4.85,0.2910,0.0000,0.4476,0.3738
377.995,143.85,0.0000,2.37,0.1422,0.0000,0.3167,0.3547
378.108,142.30,0.0000,1.24,0.0747,0.0000,0.2425,0.3310
378.264,142.20,0.0000,3.38,0.2025,0.0000,0.3734,0.3239
378.397,141.72,0.0000,1.27,0.0761,0.0000,0.2438,0.3208
378.535,144.33,0.0000,1.93,0.1157,0.0000,0.2843,0.3221
378.662,141.28,0.0000,1.37,0.0824,0.0000,0.2520,0.3222
378.763,141.49,0.0000,0.41,0.0246,0.0000,0.1924,0.3024
378.891,139.97,0.0000,2.38,0.1426,0.0000,0.3140,0.3063
379.032,143.24,0.0000,2.91,0.1747,0.0000,0.3484,0.2924
379.147,141.44,0.0000,2.76,0.1659,0.0000,0.3397,0.2969
379.256,142.63,0.0000,0.25,0.0151,0.0000,0.1837,0.2895
379.378,141.08,0.0000,-0.43,0.0186,0.0000,0.1580,0.2717
379.482,143.44,0.0000,1.11,0.0666,0.0000,0.2335,0.2626
379.582,145.59,0.0000,1.11,0.0666,0.0000,0.2309,0.2680
379.689,146.50,0.0000,5.38,0.3227,0.0000,0.4423,0.2781
379.795,142.95,0.0000,2.87,0.1722,0.0000,0.3341,0.2905
379.897,142.03,0.0000,1.14,0.0683,0.0000,0.2280,0.2764
380.024,139.01,0.0000,1.30,0.0779,0.0000,0.2359,0.2823
380.154,140.10,0.0000,2.84,0.1702,0.0000,0.3314,0.2734
380.295,139.37,0.0000,7.47,0.4480,0.0000,0.4802,0.2986
380.429,137.79,0.0258,2.12,0.1271,0.0000,0.2942,0.3226
380.533,132.87,0.3120,2.80,0.1678,0.0000,0.3552,0.3304
380.651,117.18,0.4935,2.31,0.1384,0.0000,0.3345,0.3409
380.766,112.21,0.6337,-2.53,0.1086,0.0000,0.1525,0.3278
380.876,87.36,0.8342,-10.54,0.4515,0.0000,0.2819,0.3152
380.991,64.67,0.6393,-6.51,0.2789,0.0000,0.1406,0.2963
381.098,45.40,0.4385,-11.84,0.5076,0.0000,0.3111,0.3055
381.201,27.73,0.2174,-14.87,0.6374,0.0000,0.4033,0.3112
381.311,7.20,0.0000,-17.62,0.7551,0.0000,0.4274,0.3075
381.430,5.99,0.0000,-16.45,0.7050,0.0000,0.4164,0.3158
381.562,8.98,0.0000,-19.84,0.8502,0.0000,0.4646,0.3274
381.663,11.02,0.0000,-21.45,0.9194,0.0000,0.4879,0.3408
381.802,12.50,0.0000,-21.90,0.9387,0.0000,0.4963,0.3808
381.935,15.28,0.0000,-25.30,1.0000,0.0000,0.5163,0.4253
382.066,19.72,0.0000,-21.59,0.9252,0.0000,0.4948,0.4580
382.200,22.02,0.0000,-20.29,0.8696,0.0000,0.4786,0.4721
382.301,22.90,0.0000,-19.73,0.8455,0.0000,0.4719,0.4763
382.424,24.87,0.0000,-18.70,0.8016,0.0000,0.4585,0.4818
382.556,24.27,0.0000,-17.17,0.7358,0.0000,0.4390,0.4850
382.666,23.87,0.0000,-17.54,0.7518,0.0000,0.4435,0.4813
382.768,22.66,0.0000,-16.69,0.7155,0.0000,0.4324,0.4761
382.888,19.85,0.0000,-15.71,0.6732,0.0000,0.4202,0.4672
383.019,19.77,0.0000,-15.72,0.6739,0.0000,0.4206,0.4567
383.134,18.13,0.0000,-16.01,0.6861,0.0000,0.4240,0.4499
383.263,15.80,0.0000,-17.33,0.7426,0.0000,0.4414,0.4444
383.367,14.87,0.0000,-18.84,0.8076,0.0000,0.4610,0.4432
383.490,15.20,0.0000,-20.79,0.8910,0.0000,0.4864,0.4463
383.603,14.81,0.0000,-20.90,0.8956,0.0000,0.4878,0.4488
383.722,15.50,0.0000,-17.66,0.7569,0.0000,0.4464,0.4510
383.866,15.69,0.0000,-16.90,0.7242,0.0000,0.4368,0.4502
384.001,15.37,0.0000,-17.84,0.7647,0.0000,0.4490,0.4509
384.136,17.09,0.0000,-16.41,0.7031,0.0000,0.4305,0.4519
384.265,16.97,0.0000,-16.47,0.7061,0.0000,0.4315,0.4518
384.381,16.61,0.0000,-15.35,0.6577,0.0000,0.4167,0.4468
384.527,14.52,0.0000,-18.15,0.7780,0.0000,0.4530,0.4412
384.632,14.83,0.0000,-17.75,0.7606,0.0000,0.4475,0.4376
384.751,14.63,0.0000,-17.78,0.7622,0.0000,0.4481,0.4368
384.852,14.77,0.0000,-17.56,0.7527,0.0000,0.4453,0.4377
384.953,15.47,0.0000,-16.55,0.7092,0.0000,0.4321,0.4380
385.102,15.83,0.0000,-16.88,0.7236,0.0000,0.4364,0.4379
385.211,15.22,0.0000,-16.75,0.7177,0.0000,0.4348,0.4382
385.354,15.67,0.0000,-17.67,0.7572,0.0000,0.4466,0.4392
385.455,15.82,0.0000,-16.61,0.7119,0.0000,0.4330,0.4408
385.595,15.45,0.0000,-15.93,0.6828,0.0000,0.4240,0.4392
385.696,15.96,0.0000,-16.45,0.7050,0.0000,0.4308,0.4378
385.800,15.66,0.0000,-16.38,0.7019,0.0000,0.4299,0.4362
385.921,15.78,0.0000,-16.06,0.6882,0.0000,0.4259,0.4329
386.038,16.19,0.0000,-16.74,0.7174,0.0000,0.4347,0.4317
386.154,16.79,0.0000,-17.17,0.7360,0.0000,0.4404,0.4307
386.267,16.61,0.0000,-16.73,0.7171,0.0000,0.4347,0.4310
386.370,15.06,0.0000,-16.48,0.7063,0.0000,0.4315,0.4302
386.504,16.88,0.0000,-15.29,0.6554,0.0000,0.4144,0.4276
386.606,15.85,0.0000,-15.67,0.6714,0.0000,0.4204,0.4271
386.707,15.37,0.0000,-16.55,0.7091,0.0000,0.4319,0.4272
386.808,14.78,0.0000,-17.19,0.7367,0.0000,0.4402,0.4277
386.941,16.46,0.0000,-15.62,0.6695,0.0000,0.4201,0.4285
387.058,16.60,0.0000,-15.92,0.6822,0.0000,0.4239,0.4291
387.193,15.01,0.0000,-15.78,0.6763,0.0000,0.4223,0.4288
387.295,15.74,0.0000,-16.15,0.6921,0.0000,0.4270,0.4286
387.422,16.29,0.0000,-16.50,0.7071,0.0000,0.4316,0.4280
387.537,16.96,0.0000,-16.42,0.7039,0.0000,0.4307,0.4292
387.675,15.32,0.0000,-17.96,0.7698,0.0000,0.4505,0.4307
387.808,16.76,0.0000,-20.20,0.8658,0.0000,0.4794,0.4372
387.943,15.61,0.0000,-18.20,0.7802,0.0000,0.4537,0.4418
388.076,15.81,0.0000,-20.61,0.8833,0.0000,0.4846,0.4483
388.203,16.13,0.0000,-18.16,0.7783,0.0000,0.4530,0.4538
388.335,15.97,0.0000,-17.72,0.7593,0.0000,0.4473,0.4568
388.460,16.31,0.0000,-17.72,0.7595,0.0000,0.4473,0.4592
388.570,16.35,0.0000,-18.12,0.7767,0.0000,0.4524,0.4622
388.670,14.97,0.0000,-19.16,0.8213,0.0000,0.4659,0.4642
388.792,15.05,0.0000,-17.25,0.7394,0.0000,0.4414,0.4593
388.937,15.09,0.0000,-18.21,0.7804,0.0000,0.4537,0.4598
389.064,15.24,0.0000,-18.15,0.7777,0.0000,0.4528,0.4559
389.182,14.15,0.0000,-18.99,0.8139,0.0000,0.4636,0.4548
389.336,13.69,0.0000,-17.73,0.7599,0.0000,0.4476,0.4555
389.457,17.26,0.0000,-15.17,0.6501,0.0000,0.4097,0.4516
389.605,17.22,0.0000,-16.19,0.6939,0.0000,0.4271,0.4472
389.707,16.74,0.0000,-17.16,0.7355,0.0000,0.4396,0.4443
389.820,15.10,0.0000,-16.45,0.7049,0.0000,0.4306,0.4423
389.935,12.80,0.0000,-16.39,0.7023,0.0000,0.4299,0.4389
390.047,13.91,0.0000,-17.41,0.7463,0.0000,0.4432,0.4381
390.173,15.42,0.0000,-16.42,0.7038,0.0000,0.4290,0.4347
390.299,13.47,0.0000,-17.40,0.7455,0.0000,0.4422,0.4320
390.429,13.78,0.0000,-17.89,0.7668,0.0000,0.4487,0.4348
390.537,15.61,0.0000,-16.18,0.6935,0.0000,0.4267,0.4356
390.639,16.23,0.0000,-15.60,0.6687,0.0000,0.4195,0.4360
390.758,16.03,0.0000,-16.60,0.7115,0.0000,0.4322,0.4344
390.860,16.29,0.0000,-16.11,0.6903,0.0000,0.4260,0.4333
390.973,15.49,0.0000,-16.87,0.7231,0.0000,0.4361,0.4333
391.081,14.03,0.0000,-17.03,0.7301,0.0000,0.4384,0.4332
391.213,14.31,0.0000,-17.13,0.7342,0.0000,0.4397,0.4349
391.324,15.55,0.0000,-17.88,0.7663,0.0000,0.4490,0.4352
391.452,14.27,0.0000,-18.43,0.7900,0.0000,0.4562,0.4348
391.580,13.50,0.0000,-17.26,0.7398,0.0000,0.4413,0.4363
391.689,14.65,0.0000,-17.88,0.7663,0.0000,0.4487,0.4387
391.820,14.19,0.0000,-17.89,0.7667,0.0000,0.4490,0.4420
391.921,14.84,0.0000,-18.90,0.8101,0.0000,0.4620,0.4443
392.051,14.03,0.0000,-19.47,0.8346,0.0000,0.4694,0.4470
392.153,12.35,0.0000,-18.59,0.7969,0.0000,0.4583,0.4476
392.270,12.91,0.0000,-20.18,0.8650,0.0000,0.4789,0.4514
392.372,15.56,0.0000,-18.34,0.7858,0.0000,0.4550,0.4536
392.490,17.26,0.0000,-18.46,0.7910,0.0000,0.4555,0.4544
392.590,17.21,0.0000,-17.92,0.7678,0.0000,0.4489,0.4553
392.716,20.86,0.0000,-15.05,0.6452,0.0000,0.4058,0.4528
392.852,18.92,0.0000,-15.41,0.6606,0.0000,0.4130,0.4447
392.970,18.87,0.0000,-15.14,0.6487,0.0000,0.4052,0.4399
393.092,17.42,0.0000,-15.43,0.6614,0.0000,0.4141,0.4341
393.213,18.01,0.0000,-13.87,0.5945,0.0000,0.3643,0.4259
393.325,16.86,0.0000,-17.40,0.7456,0.0000,0.4409,0.4200
393.459,19.84,0.0000,-16.38,0.7020,0.0000,0.4230,0.4172
393.584,17.34,0.0000,-18.12,0.7768,0.0000,0.4479,0.4159
393.691,18.79,0.0000,-17.16,0.7353,0.0000,0.4366,0.4156
393.819,17.67,0.0000,-15.98,0.6848,0.0000,0.4226,0.4203
393.955,19.41,0.0000,-16.36,0.7013,0.0000,0.4264,0.4223
394.058,18.50,0.0000,-15.30,0.6556,0.0000,0.4123,0.4225
394.191,21.34,0.0000,-14.41,0.6176,0.0000,0.3789,0.4164
394.293,20.61,0.0000,-15.88,0.6805,0.0000,0.4178,0.4158
394.409,18.76,0.0000,-16.86,0.7224,0.0000,0.4313,0.4141
394.527,19.19,0.0000,-17.63,0.7555,0.0000,0.4430,0.4168
394.627,19.47,0.0000,-16.21,0.6949,0.0000,0.4254,0.4160
394.727,18.71,0.0000,-16.35,0.7005,0.0000,0.4279,0.4161
394.828,18.57,0.0000,-14.85,0.6364,0.0000,0.3978,0.4147
394.930,18.65,0.0000,-15.15,0.6494,0.0000,0.4050,0.4133
395.058,22.79,0.0000,-15.01,0.6434,0.0000,0.4005,0.4126
395.187,17.75,0.0000,-15.36,0.6584,0.0000,0.4135,0.4192
395.291,19.40,0.0000,-16.56,0.7097,0.0000,0.4287,0.4212
395.420,19.00,0.0000,-13.97,0.5985,0.0000,0.3679,0.4206
395.520,19.56,0.0000,-12.45,0.5335,0.0000,0.3162,0.4077
395.659,23.79,0.0000,-12.27,0.5258,0.0000,0.3070,0.3956
395.761,21.67,0.0000,-14.34,0.6146,0.0000,0.3776,0.3875
395.863,20.93,0.0000,-14.06,0.6026,0.0000,0.3695,0.3817
395.964,20.18,0.0000,-14.40,0.6173,0.0000,0.3812,0.3775
396.069,18.65,0.0000,-14.43,0.6183,0.0000,0.3825,0.3745
396.191,19.00,0.0000,-15.08,0.6462,0.0000,0.4035,0.3677
396.294,18.59,0.0000,-13.11,0.5618,0.0000,0.3381,0.3663
396.427,18.78,0.0000,-13.48,0.5777,0.0000,0.3515,0.3572
396.527,17.06,0.0000,-14.08,0.6036,0.0000,0.3713,0.3604
396.661,17.30,0.0000,-15.68,0.6722,0.0000,0.4183,0.3708
396.762,16.42,0.0000,-15.79,0.6767,0.0000,0.4205,0.3785
396.862,16.74,0.0000,-15.64,0.6701,0.0000,0.4191,0.3852
396.986,17.77,0.0000,-14.94,0.6404,0.0000,0.4022,0.3922
397.114,16.93,0.0000,-14.69,0.6295,0.0000,0.3938,0.3966
397.225,15.98,0.0000,-14.89,0.6382,0.0000,0.4007,0.3973
397.362,17.43,0.0000,-14.38,0.6164,0.0000,0.3833,0.4012
397.462,17.27,0.0000,-14.22,0.6094,0.0000,0.3778,0.4046
397.563,16.69,0.0000,-14.94,0.6401,0.0000,0.4006,0.4061
397.663,16.08,0.0000,-15.25,0.6536,0.0000,0.4118,0.4051
397.764,15.70,0.0000,-15.70,0.6729,0.0000,0.4203,0.4053
397.864,15.21,0.0000,-16.96,0.7267,0.0000,0.4367,0.4061
397.982,16.48,0.0000,-14.40,0.6172,0.0000,0.3844,0.4033
398.099,16.48,0.0000,-13.85,0.5937,0.0000,0.3662,0.3990
398.233,16.82,0.0000,-13.85,0.5937,0.0000,0.3658,0.3951
398.366,18.20,0.0000,-13.84,0.5930,0.0000,0.3648,0.3909
398.492,23.06,0.0000,-13.28,0.5693,0.0000,0.3427,0.3873
398.623,17.17,0.0000,-13.21,0.5662,0.0000,0.3374,0.3819
398.723,8.79,0.0000,-17.13,0.7340,0.0000,0.4335,0.3833
398.827,6.03,0.0000,-11.01,0.4718,0.0000,0.2667,0.3686
398.966,2.20,0.0978,-9.53,0.4084,0.4100,0.2647,0.3484
399.083,0.85,0.3159,-6.06,0.2599,0.3853,0.1581,0.3281
399.195,3.38,0.3903,-4.91,0.2105,0.3167,0.1169,0.3022
399.296,5.22,0.4393,-3.77,0.1615,0.3077,0.1321,0.2787
399.399,5.99,0.4092,-3.88,0.1662,0.3093,0.1283,0.2551
399.548,5.40,0.5088,-3.01,0.1289,0.3780,0.1555,0.2275
399.672,4.39,0.5917,-3.92,0.1678,0.3955,0.1447,0.1953
399.795,3.30,0.5482,-4.43,0.1900,0.4098,0.1344,0.1667
399.896,3.04,0.5379,-5.00,0.2142,0.4083,0.1377,0.1534
399.997,2.31,0.5295,-4.72,0.2023,0.3749,0.1247,0.1413
400.098,2.16,0.5501,-4.75,0.2036,0.3811,0.1274,0.1339
400.220,1.64,0.5214,-5.12,0.2196,0.4120,0.1416,0.1373
400.329,1.64,0.5379,-5.15,0.2206,0.4238,0.1445,0.1386
400.469,1.67,0.5993,-5.43,0.2328,0.4300,0.1576,0.1412
400.571,1.96,0.5481,-5.68,0.2436,0.4372,0.1643,0.1422
400.691,1.73,0.5065,-5.42,0.2322,0.4337,0.1530,0.1441
400.794,1.62,0.5220,-5.26,0.2254,0.4318,0.1482,0.1454
400.895,1.59,0.5704,-5.23,0.2240,0.4490,0.1513,0.1467
401.021,1.43,0.5115,-5.23,0.2240,0.4632,0.1497,0.1496
401.122,1.61,0.6916,-5.09,0.2181,0.4593,0.1537,0.1519
401.227,1.45,0.5278,-5.27,0.2259,0.4554,0.1513,0.1525
401.329,1.52,0.6646,-5.47,0.2343,0.4378,0.1629,0.1538
401.429,1.58,0.5427,-5.67,0.2429,0.4485,0.1646,0.1554
401.544,1.64,0.5709,-5.42,0.2325,0.4544,0.1585,0.1553
401.671,1.47,0.5593,-5.21,0.2231,0.4750,0.1526,0.1539
401.786,1.45,0.6060,-5.45,0.2337,0.4934,0.1651,0.1550
401.886,1.70,0.6027,-5.42,0.2323,0.4692,0.1614,0.1564
401.994,1.53,0.5289,-4.97,0.2132,0.4726,0.1431,0.1562
402.127,1.49,0.5137,-4.92,0.2108,0.4924,0.1425,0.1554
402.229,1.32,0.5371,-4.93,0.2112,0.4912,0.1438,0.1552
402.373,1.22,0.5044,-4.90,0.2100,0.4893,0.1410,0.1529
402.493,1.15,0.4849,-4.90,0.2101,0.4716,0.1384,0.1498
402.618,1.12,0.5336,-4.90,0.2099,0.4663,0.1401,0.1479
402.773,1.09,0.5477,-4.93,0.2113,0.4767,0.1430,0.1459
402.874,1.02,0.5502,-5.09,0.2182,0.4825,0.1491,0.1444
402.974,1.01,0.4832,-5.22,0.2239,0.5047,0.1524,0.1441
403.083,0.83,0.6236,-5.64,0.2417,0.5207,0.1749,0.1470
403.196,0.85,0.5868,-5.73,0.2455,0.5084,0.1748,0.1497
403.325,0.57,0.4910,-5.66,0.2425,0.5095,0.1678,0.1535
403.451,0.61,0.4635,-5.81,0.2491,0.5056,0.1712,0.1577
403.575,0.51,0.4872,-5.99,0.2566,0.5199,0.1797,0.1618
403.691,0.45,0.5593,-6.34,0.2717,0.5181,0.1949,0.1689
403.819,0.34,0.4840,-6.43,0.2754,0.5257,0.1948,0.1755
403.948,0.45,0.5037,-6.65,0.2849,0.5167,0.2023,0.1821
404.058,0.59,0.5076,-7.00,0.3002,0.4902,0.2118,0.1860
404.159,0.35,0.4713,-7.16,0.3067,0.4940,0.2155,0.1900
404.283,0.31,0.5047,-6.98,0.2991,0.4951,0.2114,0.1955
404.394,0.06,0.4514,-6.98,0.2992,0.5068,0.2099,0.1993
404.496,0.00,0.4865,-7.14,0.3061,0.5010,0.2165,0.2035
404.596,0.15,0.4892,-7.34,0.3145,0.4990,0.2230,0.2070
404.730,0.13,0.4426,-7.46,0.3197,0.4979,0.2246,0.2111
404.832,0.19,0.4700,-7.47,0.3202,0.4978,0.2264,0.2142
404.957,0.42,0.4361,-7.65,0.3278,0.5114,0.2320,0.2177
405.075,0.15,0.4751,-7.64,0.3275,0.5048,0.2330,0.2203
405.180,0.07,0.4901,-8.16,0.3495,0.4887,0.2494,0.2228
405.298,0.08,0.4509,-8.03,0.3443,0.4549,0.2400,0.2266
405.400,0.23,0.4697,-8.01,0.3433,0.4675,0.2414,0.2297
405.501,0.57,0.4166,-7.91,0.3391,0.4712,0.2358,0.2319
405.627,0.71,0.4802,-8.13,0.3485,0.4658,0.2458,0.2352
405.761,1.03,0.4524,-8.29,0.3552,0.4283,0.2459,0.2379
405.889,1.23,0.3988,-8.90,0.3813,0.4270,0.2635,0.2417
405.993,1.46,0.4528,-8.91,0.3819,0.4643,0.2704,0.2456
406.097,1.55,0.4155,-9.20,0.3942,0.4533,0.2770,0.2500
406.228,1.71,0.4203,-9.38,0.4019,0.4588,0.2838,0.2552
406.330,1.89,0.4413,-9.29,0.3983,0.4709,0.2833,0.2598
406.459,2.27,0.4497,-9.21,0.3945,0.4655,0.2802,0.2647
406.560,2.36,0.3984,-9.08,0.3892,0.4666,0.2736,0.2682
406.682,2.64,0.3661,-9.03,0.3868,0.4486,0.2683,0.2717
406.794,2.76,0.4956,-9.23,0.3957,0.4417,0.2810,0.2752
406.927,2.88,0.4060,-9.21,0.3945,0.4223,0.2737,0.2768
407.069,3.06,0.3879,-9.51,0.4077,0.4255,0.2834,0.2773
407.177,3.16,0.3527,-9.20,0.3941,0.4149,0.2700,0.2769
407.290,3.15,0.3178,-9.16,0.3928,0.4130,0.2670,0.2747
407.393,3.25,0.3356,-9.48,0.4064,0.4051,0.2777,0.2743
407.497,3.23,0.3366,-9.49,0.4068,0.4048,0.2780,0.2743
407.627,3.30,0.4269,-9.54,0.4089,0.4085,0.2845,0.2756
407.756,3.06,0.3765,-9.68,0.4150,0.4283,0.2888,0.2769
407.899,3.31,0.4047,-9.44,0.4047,0.3935,0.2787,0.2777
408.027,3.49,0.5184,-9.52,0.4082,0.4014,0.2879,0.2788
408.128,3.32,0.3432,-9.23,0.3957,0.3957,0.2688,0.2781
408.277,3.39,0.2834,-9.59,0.4110,0.3904,0.2773,0.2787
408.394,3.19,0.2882,-9.51,0.4074,0.4006,0.2757,0.2797
408.524,3.48,0.2783,-9.53,0.4086,0.3842,0.2745,0.2799
408.626,3.55,0.3409,-9.41,0.4033,0.3739,0.2725,0.2787
408.730,3.66,0.2919,-9.41,0.4032,0.3548,0.2680,0.2775
408.862,3.86,0.2777,-9.71,0.4161,0.3526,0.2772,0.2761
408.965,4.10,0.3632,-9.75,0.4177,0.3571,0.2832,0.2762
409.100,4.51,0.3392,-9.98,0.4277,0.3313,0.2872,0.2768
409.213,4.50,0.3114,-10.06,0.4313,0.3215,0.2877,0.2786
409.325,4.60,0.2892,-9.98,0.4277,0.2958,0.2811,0.2787
409.427,4.61,0.2385,-10.06,0.4312,0.2837,0.2802,0.2790
409.547,4.78,0.3204,-10.19,0.4366,0.2929,0.2894,0.2798
409.665,4.77,0.3238,-10.24,0.4390,0.2895,0.2910,0.2817
409.770,4.77,0.2976,-10.27,0.4401,0.2703,0.2887,0.2835
409.899,4.58,0.2250,-10.27,0.4399,0.2651,0.2844,0.2852
410.042,4.83,0.2659,-10.30,0.4413,0.2587,0.2869,0.2855
410.159,5.06,0.2550,-10.56,0.4525,0.2458,0.2938,0.2863
410.282,4.88,0.2788,-10.62,0.4553,0.2692,0.2995,0.2875
410.401,4.76,0.2394,-10.57,0.4531,0.2813,0.2970,0.2892
410.522,5.03,0.2398,-11.19,0.4794,0.2442,0.3139,0.2929
410.666,5.19,0.1844,-11.38,0.4878,0.2115,0.3145,0.2963
410.794,4.29,0.2699,-11.46,0.4913,0.2411,0.3245,0.3004
410.895,2.36,0.3165,-11.26,0.4827,0.2478,0.3207,0.3045
411.012,0.83,0.3741,-10.54,0.4519,0.1855,0.2933,0.3068
411.119,0.87,0.4035,-8.41,0.3604,0.0663,0.2113,0.2991
411.226,1.31,0.1938,-4.92,0.2109,0.0000,0.0776,0.2821
411.342,1.96,0.1547,-2.85,0.1223,0.0000,0.1011,0.2613
411.466,2.74,0.0372,1.10,0.0658,0.0000,0.2132,0.2421
411.601,3.25,0.0000,4.29,0.2572,0.0000,0.4042,0.2387
411.715,4.57,0.0000,7.06,0.4238,0.0000,0.4540,0.2512
411.823,6.56,0.0000,10.49,0.6292,0.0000,0.5162,0.2743
411.933,7.27,0.0000,11.48,0.6887,0.0000,0.5345,0.2948
412.049,8.38,0.0000,11.62,0.6970,0.0000,0.5373,0.3197
412.167,11.83,0.0000,16.54,0.9926,0.0000,0.6264,0.3697
412.291,10.04,0.0000,19.56,1.0000,0.0000,0.6280,0.4414
412.394,10.03,0.0000,25.92,1.0000,0.0000,0.6276,0.4918
412.543,12.04,0.0000,24.25,1.0000,0.0000,0.6268,0.5487
412.652,12.74,0.0000,28.74,1.0000,0.0027,0.6279,0.5801
412.753,13.62,0.0000,30.59,1.0000,0.0187,0.6299,0.5958
412.860,13.24,0.0000,32.74,1.0000,0.0574,0.6343,0.6074
412.963,14.09,0.0000,34.32,1.0000,0.0656,0.6355,0.6176
413.068,14.20,0.0000,33.93,1.0000,0.0986,0.6391,0.6274
413.193,14.47,0.0000,35.12,1.0000,0.0723,0.6370,0.6317
413.295,17.12,0.0000,29.27,1.0000,0.0449,0.6345,0.6327
413.450,17.24,0.0000,30.76,1.0000,0.0627,0.6366,0.6337
413.555,17.88,0.0000,31.13,1.0000,0.0662,0.6370,0.6351
413.665,17.67,0.0000,33.38,1.0000,0.0241,0.6328,0.6357
413.766,17.87,0.0000,33.02,1.0000,0.0671,0.6371,0.6364
413.868,17.92,0.0000,32.36,1.0000,0.0909,0.6396,0.6371
413.968,19.37,0.0000,30.50,1.0000,0.0026,0.6307,0.6368
414.094,19.25,0.0000,30.06,1.0000,0.0000,0.6304,0.6356
414.194,19.61,0.0000,30.27,1.0000,0.0000,0.6305,0.6349
414.300,19.73,0.0000,30.22,1.0000,0.0044,0.6310,0.6342
414.428,19.71,0.0000,29.93,1.0000,0.0335,0.6339,0.6338
414.528,19.55,0.0000,29.13,1.0000,0.0017,0.6308,0.6335
414.634,20.09,0.0000,28.84,1.0000,0.0311,0.6337,0.6330
414.736,20.28,0.0000,29.14,1.0000,0.0172,0.6323,0.6328
414.837,20.19,0.0000,29.50,1.0000,0.0243,0.6330,0.6323
414.939,20.33,0.0000,27.07,1.0000,0.0000,0.6306,0.6321
415.067,20.30,0.0000,28.02,1.0000,0.0324,0.6340,0.6324
415.168,19.69,0.0000,28.98,1.0000,0.0479,0.6354,0.6328
415.270,19.32,0.0000,28.06,1.0000,0.0281,0.6335,0.6332
415.397,18.49,0.0000,28.50,1.0000,0.0439,0.6351,0.6334
415.497,19.42,0.0000,27.97,1.0000,0.0090,0.6317,0.6330
415.597,19.74,0.0000,28.11,1.0000,0.0429,0.6350,0.6333
415.697,20.27,0.0000,28.67,1.0000,0.0256,0.6332,0.6333
415.802,20.76,0.0000,28.83,1.0000,0.1042,0.6410,0.6340
415.921,20.78,0.0000,27.85,1.0000,0.0263,0.6331,0.6339
416.027,20.40,0.0000,27.06,1.0000,0.0187,0.6323,0.6340
416.127,20.78,0.0000,25.29,1.0000,0.0000,0.6305,0.6337
416.254,19.56,0.0000,27.46,1.0000,0.0070,0.6311,0.6333
416.356,19.84,0.0000,26.74,1.0000,0.0162,0.6320,0.6331
416.477,19.93,0.0000,28.15,1.0000,0.0661,0.6371,0.6333
416.601,19.74,0.0000,29.35,1.0000,0.0843,0.6390,0.6342
416.720,18.90,0.0000,29.44,1.0000,0.0358,0.6342,0.6344
416.839,18.96,0.0000,29.55,1.0000,0.0312,0.6336,0.6339
416.955,19.53,0.0000,29.73,1.0000,0.0346,0.6340,0.6343
417.068,19.76,0.0000,29.19,1.0000,0.0446,0.6351,0.6346
417.170,19.96,0.0000,28.45,1.0000,0.0452,0.6351,0.6349
417.271,19.50,0.0000,26.45,1.0000,0.0000,0.6305,0.6349
417.402,20.40,0.0000,26.98,1.0000,0.0325,0.6338,0.6349
417.522,21.35,0.0000,25.36,1.0000,0.0000,0.6304,0.6340
417.632,22.34,0.0000,25.04,1.0000,0.0000,0.6304,0.6331
417.760,24.42,0.0000,25.79,1.0000,0.0000,0.6303,0.6324
417.901,28.48,0.0000,27.71,1.0000,0.0605,0.6363,0.6321
418.001,30.64,0.0000,27.36,1.0000,0.0984,0.6415,0.6327
418.101,30.54,0.0000,27.40,1.0000,0.0658,0.6388,0.6333
418.201,33.31,0.0000,27.80,1.0000,0.0890,0.6421,0.6338
418.302,34.18,0.0000,24.33,1.0000,0.0169,0.6370,0.6346
418.410,34.14,0.0000,24.52,1.0000,0.0475,0.6411,0.6356
418.539,33.44,0.0000,25.61,1.0000,0.0788,0.6463,0.6376
418.672,37.53,0.0000,24.21,1.0000,0.1239,0.6571,0.6404
418.802,35.46,0.0000,24.93,1.0000,0.0906,0.6542,0.6436
418.902,37.64,0.0000,24.42,1.0000,0.0791,0.6556,0.6458
419.003,38.78,0.0000,24.48,1.0000,0.0868,0.6629,0.6478
419.103,40.71,0.0000,22.97,1.0000,0.0313,0.6583,0.6498
419.207,41.07,0.0000,23.50,1.0000,0.0430,0.6737,0.6526
419.325,41.32,0.0000,23.54,1.0000,0.0763,0.6787,0.6576
419.456,41.09,0.0000,24.11,1.0000,0.1150,0.6958,0.6632
419.557,42.30,0.0378,22.87,1.0000,0.0878,0.6946,0.6683
419.661,41.25,0.0000,24.62,1.0000,0.0840,0.6898,0.6720
419.770,39.77,0.0000,23.86,1.0000,0.0486,0.6849,0.6750
419.872,40.69,0.0000,24.54,1.0000,0.0295,0.6794,0.6778
420.005,40.91,0.0000,24.89,1.0000,0.0973,0.6829,0.6808
420.105,40.77,0.0000,25.60,1.0000,0.1268,0.6908,0.6835
420.212,42.79,0.0618,22.06,1.0000,0.0836,0.7125,0.6879
420.325,39.52,0.0000,23.43,1.0000,0.0985,0.7152,0.6920
420.428,37.77,0.0000,25.28,1.0000,0.1043,0.7050,0.6948
420.586,40.06,0.0000,24.17,1.0000,0.0475,0.6835,0.6938
420.688,40.13,0.0000,24.36,1.0000,0.0715,0.6813,0.6929
420.806,41.16,0.0030,23.42,1.0000,0.0722,0.6847,0.6928
420.924,42.21,0.0332,25.23,1.0000,0.1050,0.6896,0.6939
421.025,41.51,0.0619,25.30,1.0000,0.0669,0.6962,0.6949
421.158,41.49,0.0000,26.64,1.0000,0.0811,0.6876,0.6936
421.291,42.98,0.1318,24.03,1.0000,0.0655,0.7115,0.6926
421.439,45.05,0.0802,21.91,1.0000,0.0065,0.6991,0.6919
421.557,45.25,0.0948,23.57,1.0000,0.0446,0.7001,0.6934
421.661,45.10,0.0748,23.96,1.0000,0.0662,0.7070,0.6960
421.770,49.33,0.2306,20.71,1.0000,0.0160,0.7218,0.6997
421.871,49.75,0.2163,21.57,1.0000,0.0116,0.7355,0.7039
421.994,51.03,0.2236,23.32,1.0000,0.0629,0.7287,0.7091
422.138,57.02,0.3836,23.40,1.0000,0.0648,0.7500,0.7165
422.239,60.94,0.4335,23.87,1.0000,0.0757,0.7669,0.7236
422.369,60.98,0.4081,24.48,1.0000,0.0845,0.7787,0.7320
422.494,59.86,0.3449,24.14,1.0000,0.0423,0.7996,0.7438
422.624,60.54,0.3222,23.86,1.0000,0.0313,0.8024,0.7570
422.725,59.22,0.3534,23.59,1.0000,0.0449,0.8007,0.7660
422.827,60.08,0.3935,23.80,1.0000,0.0489,0.8097,0.7744
422.938,58.63,0.3324,23.22,1.0000,0.0218,0.8009,0.7814
423.040,57.04,0.3239,23.45,1.0000,0.0369,0.7929,0.7876
423.140,55.97,0.3071,23.93,1.0000,0.0508,0.7804,0.7908
423.241,57.78,0.3307,23.69,1.0000,0.0598,0.7792,0.7922
423.342,58.60,0.3902,23.93,1.0000,0.0702,0.7826,0.7934
423.460,59.62,0.3246,24.23,1.0000,0.0659,0.8025,0.7946
423.562,58.82,0.3306,23.95,1.0000,0.0635,0.8092,0.7950
423.664,57.87,0.3063,24.74,1.0000,0.0545,0.8050,0.7949
423.793,58.75,0.3126,23.71,1.0000,0.0370,0.7985,0.7946
423.910,58.76,0.4004,23.68,1.0000,0.0180,0.8062,0.7940
424.031,55.60,0.3604,23.75,1.0000,0.0346,0.7991,0.7950
424.157,56.80,0.3160,24.90,1.0000,0.0972,0.7997,0.7972
424.258,58.11,0.3458,24.45,1.0000,0.0877,0.7871,0.7988
424.374,56.18,0.3906,24.30,1.0000,0.1230,0.7815,0.7988
424.514,59.32,0.4265,23.96,1.0000,0.1077,0.7869,0.7962
424.614,59.74,0.3615,24.32,1.0000,0.0893,0.7916,0.7944
424.714,58.22,0.3117,23.78,1.0000,0.0194,0.7874,0.7925
424.826,58.39,0.3008,23.95,1.0000,0.0338,0.7960,0.7918
424.941,58.22,0.3479,23.80,1.0000,0.0704,0.7944,0.7910
425.043,61.30,0.4576,24.31,1.0000,0.0816,0.8025,0.7911
425.144,60.67,0.3250,24.56,1.0000,0.0895,0.8084,0.7925
425.260,58.49,0.3814,23.39,1.0000,0.0489,0.8059,0.7941
425.376,58.41,0.3729,23.39,1.0000,0.0736,0.7902,0.7953
425.477,57.99,0.4413,23.70,1.0000,0.0888,0.7922,0.7968
425.626,58.56,0.4126,23.78,1.0000,0.1120,0.7954,0.7975
425.747,56.25,0.3673,23.80,1.0000,0.1024,0.8000,0.7993
425.867,58.71,0.3829,23.40,1.0000,0.0667,0.7991,0.8002
425.968,57.59,0.3840,22.88,1.0000,0.0907,0.8032,0.8010
426.069,57.63,0.3759,23.04,1.0000,0.0660,0.7904,0.7998
426.172,58.58,0.3407,23.63,1.0000,0.0431,0.7859,0.7976
426.293,58.14,0.2628,23.61,1.0000,0.0479,0.7815,0.7953
426.395,60.88,0.3435,23.57,1.0000,0.0363,0.7816,0.7947
426.528,59.25,0.3170,23.62,1.0000,0.0612,0.7699,0.7922
426.645,59.68,0.3570,23.39,1.0000,0.0516,0.7689,0.7890
426.748,59.23,0.3505,23.57,1.0000,0.0619,0.7883,0.7858
426.862,57.62,0.2809,23.89,1.0000,0.0643,0.7827,0.7843
426.981,58.69,0.3181,24.21,1.0000,0.0438,0.7828,0.7814
427.099,60.72,0.3101,24.10,1.0000,0.0456,0.7926,0.7815
427.228,59.71,0.3195,23.76,1.0000,0.0379,0.7899,0.7822
427.355,59.05,0.3157,24.17,1.0000,0.0686,0.7949,0.7828
427.473,59.05,0.3336,23.40,1.0000,0.0771,0.7859,0.7839
427.574,59.07,0.3459,23.04,1.0000,0.0321,0.7851,0.7853
427.720,60.84,0.4436,23.32,1.0000,0.0527,0.7767,0.7869
427.821,61.50,0.5418,23.02,1.0000,0.0457,0.7878,0.7869
427.921,61.09,0.6068,22.62,1.0000,0.0293,0.7971,0.7876
428.021,62.35,0.4093,23.66,1.0000,0.0615,0.8033,0.7895
428.121,60.99,0.3414,23.71,1.0000,0.0912,0.8352,0.7928
428.221,58.38,0.2888,23.57,1.0000,0.0921,0.8127,0.7974
428.321,57.42,0.3180,23.32,1.0000,0.1259,0.8048,0.7991
428.428,59.91,0.3962,23.57,1.0000,0.1274,0.8064,0.8007
428.539,59.69,0.3642,23.98,1.0000,0.1349,0.8050,0.8028
428.674,60.43,0.3359,24.24,1.0000,0.1192,0.8147,0.8064
428.794,61.14,0.4544,23.45,1.0000,0.0761,0.8169,0.8107
428.908,61.97,0.3415,24.14,1.0000,0.0726,0.8051,0.8125
429.008,61.24,0.3615,22.98,1.0000,0.1064,0.7993,0.8126
429.142,60.99,0.4088,23.63,1.0000,0.1399,0.8154,0.8102
429.261,62.36,0.3478,24.29,1.0000,0.1389,0.8057,0.8089
429.376,61.51,0.3405,24.20,1.0000,0.1185,0.7930,0.8079
429.494,60.84,0.4478,23.93,1.0000,0.0000,0.7866,0.8060
429.595,62.72,0.4081,24.62,1.0000,0.0000,0.7870,0.8038
429.721,62.35,0.3689,24.82,1.0000,0.0000,0.7849,0.8004
429.854,62.51,0.3524,24.58,1.0000,0.0000,0.7801,0.7964
429.987,61.92,0.3389,24.47,1.0000,0.0000,0.7933,0.7945
430.088,62.04,0.3894,24.34,1.0000,0.0000,0.7925,0.7939
430.191,60.59,0.3012,24.80,1.0000,0.0000,0.7844,0.7898
430.311,58.79,0.3118,23.93,1.0000,0.0000,0.7919,0.7881
430.458,59.76,0.3164,23.98,1.0000,0.0000,0.7840,0.7874
430.570,59.76,0.3248,23.70,1.0000,0.0000,0.7906,0.7874
430.671,59.32,0.2828,23.73,1.0000,0.0000,0.7885,0.7875
430.797,56.87,0.3532,23.75,1.0000,0.1147,0.8053,0.7886
430.912,58.37,0.5016,23.38,1.0000,0.1248,0.8228,0.7908
431.035,58.94,0.5774,22.93,1.0000,0.1060,0.8215,0.7937
431.146,57.05,0.4628,23.09,1.0000,0.1307,0.8053,0.7950
431.285,55.64,0.4907,22.76,1.0000,0.1684,0.8076,0.7960
431.412,52.17,0.4835,22.71,1.0000,0.2551,0.8053,0.7971
431.527,50.14,0.4445,22.29,1.0000,0.2370,0.8094,0.7988
431.631,45.49,0.2937,22.46,1.0000,0.2563,0.8060,0.8003
431.763,41.42,0.3163,20.79,1.0000,0.2429,0.8006,0.8007
431.866,33.81,0.1097,20.13,1.0000,0.2061,0.7662,0.7995
431.968,23.51,0.0722,16.64,0.9983,0.1737,0.7410,0.7972
432.090,13.03,0.0000,15.15,0.9091,0.1598,0.6921,0.7919
432.201,3.64,0.0000,12.71,0.7626,0.0947,0.6272,0.7822
432.336,0.94,0.0000,10.39,0.6236,0.0000,0.5627,0.7677
432.464,0.31,0.0000,9.66,0.5794,0.0618,0.5455,0.7518
432.574,1.76,0.0000,7.44,0.4466,0.0000,0.4905,0.7323
432.713,2.52,0.0000,7.84,0.4703,0.0000,0.4912,0.7109
432.824,4.36,0.0000,7.31,0.4386,0.0000,0.4764,0.6875
432.949,4.13,0.0000,8.15,0.4888,0.0000,0.4878,0.6662
433.077,5.64,0.0000,6.83,0.4095,0.0000,0.4611,0.6434
433.189,5.29,0.0000,6.97,0.4180,0.0000,0.4612,0.6202
433.319,6.36,0.0000,6.97,0.4185,0.0000,0.4594,0.5970
433.434,6.84,0.0000,8.01,0.4807,0.0000,0.4764,0.5740
433.561,7.54,0.0000,8.50,0.5100,0.0000,0.4842,0.5533
433.688,8.04,0.0000,8.00,0.4799,0.0000,0.4745,0.5336
433.792,8.38,0.0000,8.14,0.4883,0.0000,0.4767,0.5153
433.912,8.67,0.0000,8.19,0.4914,0.0000,0.4773,0.5001
434.014,9.01,0.0000,8.16,0.4898,0.0000,0.4768,0.4889
434.137,8.81,0.0000,7.99,0.4794,0.0000,0.4736,0.4824
434.269,8.57,0.0000,6.63,0.3981,0.0930,0.4585,0.4766
434.381,7.95,0.0099,5.95,0.3568,0.1392,0.4512,0.4726
434.507,8.01,0.0239,5.82,0.3495,0.1346,0.4491,0.4696
434.634,7.95,0.0355,5.37,0.3224,0.1211,0.4402,0.4660
434.737,8.03,0.0973,5.46,0.3275,0.1505,0.4478,0.4637
434.840,7.89,0.1008,5.59,0.3355,0.1651,0.4518,0.4634
434.954,7.92,0.0634,5.69,0.3413,0.1487,0.4497,0.4626
435.103,8.34,0.0534,6.08,0.3647,0.1353,0.4549,0.4625
435.253,8.51,0.1045,6.34,0.3803,0.1209,0.4607,0.4599
435.388,8.43,0.1235,6.27,0.3761,0.1054,0.4589,0.4586
435.510,8.54,0.0246,6.27,0.3763,0.0038,0.4436,0.4567
435.634,8.88,0.0000,6.38,0.3825,0.0000,0.4436,0.4546
435.758,9.30,0.0000,6.35,0.3811,0.0000,0.4427,0.4524
435.870,9.52,0.0000,6.59,0.3952,0.0000,0.4466,0.4505
435.981,9.55,0.0000,6.57,0.3942,0.0000,0.4458,0.4492
436.099,10.12,0.0000,6.98,0.4191,0.0000,0.4532,0.4494
436.226,9.57,0.0000,6.52,0.3915,0.0000,0.4447,0.4493
436.355,8.90,0.0000,8.56,0.5135,0.0000,0.4815,0.4508
436.471,8.48,0.0000,9.87,0.5924,0.0000,0.5053,0.4549
436.601,10.52,0.0000,8.21,0.4929,0.0000,0.4751,0.4571
436.728,14.95,0.0000,10.06,0.6037,0.0000,0.5083,0.4607
436.839,17.28,0.0000,11.72,0.7035,0.0000,0.5361,0.4666
436.967,24.62,0.0000,7.54,0.4523,0.0000,0.4323,0.4682
437.074,24.76,0.0000,7.33,0.4397,0.0000,0.4335,0.4660
437.194,25.58,0.0000,3.43,0.2056,0.0000,0.3331,0.4582
437.313,23.27,0.0000,3.63,0.2178,0.0000,0.3376,0.4444
437.437,21.98,0.0000,2.76,0.1655,0.0000,0.2914,0.4234
437.569,34.34,0.0000,4.00,0.2397,0.0000,0.3617,0.4055
437.701,33.99,0.0000,4.31,0.2586,0.0000,0.3786,0.3896
437.806,30.49,0.0000,4.78,0.2868,0.0000,0.3871,0.3751
437.938,26.78,0.0000,3.97,0.2379,0.0000,0.3524,0.3627
438.038,30.58,0.0000,4.19,0.2514,0.0000,0.3666,0.3564
438.144,17.71,0.0000,4.70,0.2820,0.0000,0.3577,0.3550
438.248,21.58,0.0000,5.23,0.3141,0.0000,0.3705,0.3576
438.391,20.14,0.0000,5.31,0.3184,0.0000,0.3148,0.3624
438.519,26.56,0.0000,4.95,0.2968,0.0000,0.2579,0.3527
438.651,17.29,0.0000,4.82,0.2892,0.0000,0.2632,0.3377
438.758,18.46,0.0000,5.00,0.2998,0.0000,0.2530,0.3239
438.861,11.77,0.0000,5.62,0.3374,0.0000,0.2639,0.3116
438.971,14.08,0.0000,4.87,0.2925,0.0000,0.2401,0.2942
439.073,15.98,0.0000,6.23,0.3735,0.0000,0.2583,0.2822
439.179,24.35,0.0000,5.25,0.3149,0.0000,0.2277,0.2707
439.293,17.30,0.0000,5.30,0.3180,0.0000,0.2536,0.2580
439.404,20.25,0.0000,5.24,0.3142,0.0000,0.2521,0.2486
439.507,17.43,0.0000,6.26,0.3755,0.0000,0.2211,0.2473
439.625,28.71,0.0000,5.19,0.3115,0.0000,0.1990,0.2427
439.755,18.39,0.0000,6.09,0.3652,0.0000,0.2303,0.2387
439.911,24.20,0.0000,5.00,0.3002,0.0000,0.2285,0.2358
440.045,20.13,0.0000,4.17,0.2504,0.0000,0.2019,0.2303
440.147,16.76,0.0000,5.50,0.3300,0.0000,0.2389,0.2273
440.268,24.72,0.0000,5.85,0.3511,0.0000,0.2496,0.2273
440.377,36.26,0.0000,5.62,0.3372,0.0000,0.2403,0.2283
440.478,20.18,0.0000,5.05,0.3030,0.0000,0.2596,0.2294
440.597,33.45,0.0000,5.99,0.3593,0.0000,0.2255,0.2304
440.724,15.78,0.0000,5.25,0.3151,0.0000,0.2407,0.2329
440.843,17.90,0.0000,5.11,0.3066,0.0000,0.2628,0.2348
440.975,16.84,0.0000,5.87,0.3520,0.0000,0.2452,0.2405
441.106,18.81,0.0000,5.70,0.3421,0.0000,0.2291,0.2435
441.244,15.70,0.0000,6.28,0.3771,0.0000,0.2562,0.2445
441.378,24.63,0.0000,5.30,0.3178,0.0000,0.2266,0.2404
441.510,16.40,0.0000,4.97,0.2984,0.0000,0.2426,0.2381
441.616,20.11,0.0000,5.10,0.3062,0.0000,0.2665,0.2409
441.750,14.16,0.0000,5.36,0.3214,0.0000,0.2908,0.2481
441.860,29.54,0.0000,4.87,0.2924,0.0000,0.2810,0.2518
441.992,20.60,0.0000,6.02,0.3613,0.0000,0.3022,0.2583
442.120,37.72,0.0000,4.23,0.2540,0.0000,0.2601,0.2624
442.249,40.02,0.0000,4.33,0.2597,0.0000,0.2814,0.2658
442.359,25.54,0.0000,5.02,0.3015,0.0000,0.2476,0.2709
442.476,25.87,0.0000,4.73,0.2836,0.0000,0.2700,0.2745
442.622,24.11,0.0000,5.27,0.3161,0.0000,0.2559,0.2752
442.727,36.96,0.0000,4.14,0.2486,0.0000,0.2295,0.2703
442.829,23.47,0.0000,4.81,0.2885,0.0000,0.2510,0.2666
442.959,20.59,0.0000,5.28,0.3169,0.0000,0.2720,0.2624
443.059,17.81,0.0000,7.02,0.4213,0.0000,0.2828,0.2610
443.180,16.43,0.0000,6.55,0.3927,0.0000,0.2541,0.2605
443.281,22.13,0.0000,5.96,0.3579,0.0000,0.1992,0.2526
443.406,13.99,0.0000,6.20,0.3723,0.0000,0.2111,0.2464
443.526,15.99,0.0000,5.11,0.3064,0.0000,0.2251,0.2420
443.647,52.65,0.0000,3.51,0.2108,0.0000,0.1984,0.2387
443.751,17.92,0.0000,5.32,0.3193,0.0000,0.2730,0.2386
443.879,23.63,0.0000,5.46,0.3278,0.0000,0.2648,0.2410
443.995,22.19,0.0000,5.35,0.3211,0.0000,0.2670,0.2411
444.118,23.50,0.0000,5.04,0.3023,0.0000,0.2505,0.2406
444.248,19.29,0.0000,5.65,0.3388,0.0000,0.2290,0.2413
444.360,21.92,0.0000,4.89,0.2936,0.0000,0.1766,0.2396
444.490,25.08,0.0000,5.27,0.3161,0.0000,0.1735,0.2359
444.615,39.48,0.0000,4.69,0.2812,0.0000,0.1608,0.2239
444.749,26.04,0.0000,3.80,0.2277,0.0000,0.1597,0.2152
444.876,20.33,0.0000,4.77,0.2863,0.0000,0.2109,0.2050
444.989,27.50,0.0000,4.71,0.2827,0.0000,0.1722,0.1972
445.097,26.96,0.0000,5.21,0.3129,0.0000,0.2179,0.1908
445.211,24.88,0.0000,4.65,0.2793,0.0000,0.2367,0.1897
445.355,21.55,0.0000,5.01,0.3003,0.0000,0.2277,0.1935
445.491,26.90,0.0000,5.14,0.3085,0.0000,0.2608,0.2016
445.594,22.34,0.0000,5.79,0.3474,0.0000,0.2470,0.2129
445.697,22.32,0.0000,5.66,0.3394,0.0000,0.2435,0.2201
445.827,31.11,0.0000,5.74,0.3443,0.0000,0.1980,0.2274
445.929,19.74,0.0000,4.32,0.2590,0.0000,0.2082,0.2270
446.030,19.97,0.0000,3.98,0.2389,0.0000,0.2140,0.2296
446.131,14.27,0.0000,4.15,0.2493,0.0000,0.2577,0.2327
446.265,21.70,0.0000,4.67,0.2805,0.0000,0.2369,0.2338
446.367,16.06,0.0000,5.14,0.3085,0.0000,0.2426,0.2361
446.498,24.64,0.0000,4.85,0.2909,0.0000,0.2381,0.2353
446.600,23.56,0.0000,3.86,0.2316,0.0000,0.2163,0.2313
446.733,17.07,0.0000,5.11,0.3069,0.0000,0.2750,0.2334
446.855,16.55,0.0000,3.16,0.1898,0.0000,0.1948,0.2350
446.960,23.20,0.0000,4.85,0.2909,0.0000,0.2790,0.2418
447.064,16.62,0.0000,4.84,0.2906,0.0000,0.2787,0.2476
447.200,20.51,0.0000,4.06,0.2436,0.0000,0.2763,0.2510
447.321,13.36,0.0000,4.28,0.2568,0.0000,0.2646,0.2534
447.453,11.95,0.0000,4.33,0.2597,0.0000,0.2942,0.2588
447.582,9.48,0.0000,5.30,0.3179,0.0000,0.3364,0.2721
447.685,13.89,0.0000,2.83,0.1699,0.0000,0.2301,0.2726
447.798,12.66,0.0000,4.29,0.2575,0.0000,0.2966,0.2742
447.900,10.64,0.0000,4.36,0.2615,0.0000,0.3056,0.2856
448.010,16.21,0.0000,5.04,0.3021,0.0000,0.2796,0.2891
448.118,16.12,0.0000,5.48,0.3287,0.0000,0.2997,0.2905
448.254,20.33,0.0000,4.31,0.2584,0.0000,0.2820,0.2913
448.366,17.82,0.0000,4.58,0.2746,0.0000,0.2747,0.2927
448.483,14.35,0.0000,4.71,0.2827,0.0000,0.2793,0.2912
448.604,12.27,0.0000,4.49,0.2694,0.0000,0.2987,0.2864
448.729,27.29,0.0000,5.80,0.3481,0.0000,0.3018,0.2912
448.856,15.07,0.0000,4.48,0.2691,0.0000,0.2970,0.2909
448.970,13.14,0.0000,5.11,0.3065,0.0000,0.3268,0.2922
449.083,11.74,0.0000,4.48,0.2686,0.0000,0.3199,0.2953
449.191,22.47,0.0000,5.84,0.3504,0.0000,0.3281,0.3010
449.294,21.99,0.0000,4.94,0.2964,0.0000,0.3188,0.3038
449.415,16.14,0.0000,4.52,0.2714,0.0000,0.3225,0.3085
449.527,11.32,0.0000,5.14,0.3086,0.0000,0.3374,0.3152
449.644,21.06,0.0000,5.25,0.3148,0.0000,0.3286,0.3209
449.789,11.50,0.0000,5.70,0.3419,0.0000,0.3518,0.3262
449.897,12.65,0.0000,4.91,0.2947,0.0000,0.3356,0.3303
450.012,17.46,0.0000,4.67,0.2799,0.0000,0.3244,0.3318
450.114,13.97,0.0000,4.39,0.2636,0.0000,0.3202,0.3313
450.230,18.49,0.0000,4.69,0.2813,0.0000,0.3306,0.3307
450.360,10.22,0.0000,5.00,0.3002,0.0000,0.3250,0.3314
450.476,13.23,0.0000,4.43,0.2657,0.0000,0.3081,0.3289
450.617,20.19,0.0000,2.74,0.1646,0.0000,0.2214,0.3202
450.719,12.23,0.0000,3.33,0.1997,0.0000,0.2661,0.3140
450.856,22.14,0.0000,1.45,0.0872,0.0000,0.1473,0.2954
450.972,13.63,0.0000,2.24,0.1346,0.0000,0.1762,0.2721
451.082,13.92,0.0000,3.28,0.1965,0.0000,0.2129,0.2595
451.210,13.67,0.0000,4.00,0.2398,0.0000,0.2134,0.2443
451.338,28.97,0.0000,2.46,0.1474,0.0000,0.1212,0.2209
451.458,24.66,0.0000,1.61,0.0964,0.0000,0.0733,0.1970
451.581,20.48,0.0000,2.05,0.1231,0.0000,0.0906,0.1706
451.705,19.15,0.0000,3.06,0.1834,0.0000,0.1761,0.1535
451.817,18.34,0.0000,3.11,0.1869,0.0000,0.1816,0.1481
451.919,18.86,0.0000,3.15,0.1891,0.0000,0.2035,0.1526
452.058,18.64,0.0000,3.43,0.2059,0.0000,0.2046,0.1572
452.171,16.75,0.0000,2.89,0.1733,0.0000,0.1742,0.1542
452.282,24.26,0.0000,3.02,0.1812,0.0000,0.1697,0.1532
452.411,22.98,0.0000,4.51,0.2706,0.0000,0.2807,0.1707
452.538,20.85,0.0000,4.94,0.2961,0.0000,0.2812,0.1966
452.660,25.68,0.0000,3.52,0.2110,0.0000,0.2481,0.2143
452.760,34.90,0.0000,2.11,0.1263,0.0000,0.1832,0.2184
452.876,57.67,0.0573,1.30,0.0778,0.0000,0.1615,0.2160
452.985,53.88,0.0384,1.14,0.0686,0.0000,0.1648,0.2106
453.115,39.47,0.0167,1.37,0.0824,0.0000,0.1901,0.2088
453.243,28.87,0.0000,1.41,0.0846,0.0000,0.2019,0.2122
453.387,13.33,0.0000,1.09,0.0652,0.0000,0.1887,0.2082
453.514,51.92,0.0746,1.14,0.0684,0.0000,0.1998,0.1958
453.643,13.14,0.0000,0.76,0.0456,0.0000,0.1776,0.1844
453.744,45.44,0.0909,0.81,0.0488,0.0000,0.1867,0.1824
453.862,19.92,0.0000,0.69,0.0413,0.0000,0.1770,0.1831
453.962,13.38,0.0000,0.66,0.0396,0.0000,0.1755,0.1848
454.064,18.13,0.0000,0.93,0.0559,0.0000,0.1931,0.1855
454.186,32.73,0.0000,0.85,0.0511,0.0000,0.1880,0.1858
454.287,15.73,0.0000,0.98,0.0589,0.0000,0.1965,0.1856
454.388,12.63,0.0000,0.84,0.0506,0.0000,0.1889,0.1864
454.506,28.28,0.0000,-0.24,0.0101,0.0000,0.1333,0.1811
454.620,20.00,0.0000,-0.52,0.0223,0.0000,0.1284,0.1748
454.721,14.57,0.0000,-1.13,0.0483,0.0000,0.1188,0.1694
454.835,19.00,0.0000,-1.59,0.0680,0.0000,0.1093,0.1629
454.965,13.22,0.0000,-1.44,0.0619,0.0000,0.1136,0.1545
455.066,20.63,0.0000,-1.72,0.0739,0.0947,0.1168,0.1482
455.180,12.14,0.0000,-2.62,0.1124,0.0912,0.1015,0.1360
455.313,11.84,0.0000,-3.25,0.1392,0.0601,0.0859,0.1220
455.420,16.96,0.0000,-2.95,0.1264,0.0657,0.0911,0.1125
455.521,15.02,0.0000,-2.94,0.1260,0.0767,0.0930,0.1075
455.621,15.63,0.0000,-3.05,0.1306,0.0826,0.0918,0.1037
455.767,12.07,0.0000,-2.72,0.1164,0.0724,0.0969,0.1005
455.883,21.01,0.0000,-2.32,0.0993,0.1022,0.1081,0.0998
455.984,9.33,0.0000,-2.57,0.1102,0.1179,0.1057,0.0988
456.109,11.35,0.0000,-2.46,0.1053,0.0951,0.1043,0.0975
456.218,14.92,0.0000,-2.31,0.0992,0.0992,0.1073,0.0981
456.345,36.73,0.0635,-0.00,0.0001,0.0322,0.1437,0.1041
456.473,25.21,0.0000,3.79,0.2274,0.0000,0.3670,0.1278
456.587,28.79,0.0000,7.61,0.4566,0.0000,0.4547,0.1604
456.714,20.11,0.0000,7.48,0.4486,0.0000,0.4489,0.2074
456.841,12.04,0.0000,7.56,0.4538,0.0000,0.4480,0.2521
456.955,9.69,0.0000,5.80,0.3481,0.0000,0.4009,0.2803
457.083,19.83,0.0000,7.44,0.4465,0.0000,0.4251,0.3219
457.210,13.47,0.0000,6.28,0.3769,0.0000,0.4035,0.3640
457.354,15.69,0.0000,6.88,0.4130,0.0000,0.3983,0.3994
457.455,15.98,0.0000,7.15,0.4292,0.0000,0.3831,0.4135
457.577,19.82,0.0000,6.26,0.3755,0.0000,0.3398,0.4060
457.707,15.20,0.0000,4.42,0.2649,0.0000,0.3077,0.3891
457.818,17.63,0.0000,4.26,0.2555,0.0000,0.3139,0.3769
457.946,9.22,0.0000,7.69,0.4614,0.0000,0.3912,0.3718
458.076,16.04,0.0000,4.72,0.2834,0.0000,0.3457,0.3644
458.188,15.70,0.0000,5.21,0.3127,0.0000,0.3635,0.3567
458.299,17.78,0.0000,5.19,0.3115,0.0000,0.3639,0.3533
458.411,16.01,0.0000,4.96,0.2978,0.0000,0.3451,0.3490
458.521,11.38,0.0000,5.67,0.3400,0.0000,0.3600,0.3486
458.666,11.86,0.0000,7.02,0.4212,0.0000,0.3879,0.3538
458.792,10.93,0.0000,6.78,0.4069,0.0000,0.3966,0.3636
458.933,19.36,0.0000,5.46,0.3279,0.0000,0.3832,0.3691
459.034,9.92,0.0000,7.07,0.4243,0.0000,0.4212,0.3737
459.164,8.65,0.0000,5.33,0.3196,0.0000,0.4009,0.3815
459.274,8.15,0.0000,3.17,0.1905,0.0000,0.3240,0.3800
459.401,7.29,0.0000,3.56,0.2136,0.0000,0.3514,0.3795
459.528,7.33,0.0000,2.98,0.1787,0.0000,0.3194,0.3763
459.660,6.20,0.0000,3.81,0.2284,0.0000,0.3718,0.3750
459.766,6.25,0.0000,4.17,0.2500,0.0000,0.3948,0.3761
459.886,6.17,0.0000,3.31,0.1985,0.0000,0.3432,0.3737
459.991,6.00,0.0000,5.03,0.3019,0.0000,0.4155,0.3725
460.128,6.68,0.0000,3.74,0.2242,0.0000,0.3714,0.3726
460.230,7.17,0.0000,3.21,0.1928,0.0000,0.3396,0.3717
460.365,6.84,0.0000,3.00,0.1801,0.0000,0.3256,0.3724
460.488,6.37,0.0000,4.85,0.2910,0.0000,0.4118,0.3763
460.601,12.53,0.0000,4.14,0.2487,0.0000,0.3908,0.3828
460.733,16.10,0.0000,4.29,0.2574,0.0000,0.3539,0.3821
460.846,23.85,0.0000,3.33,0.1998,0.0000,0.2680,0.3758
460.972,12.06,0.0000,5.27,0.3163,0.0000,0.3519,0.3710
461.089,17.84,0.0000,3.90,0.2341,0.0000,0.3329,0.3558
461.191,13.64,0.0000,4.78,0.2869,0.0000,0.3702,0.3512
461.301,13.64,0.0000,6.10,0.3658,0.0000,0.3919,0.3544
461.418,16.07,0.0000,4.15,0.2491,0.0000,0.3028,0.3562
461.528,16.55,0.0000,3.52,0.2110,0.0000,0.2654,0.3433
461.662,14.13,0.0000,3.56,0.2138,0.0000,0.2653,0.3256
461.802,12.51,0.0000,2.77,0.1660,0.0000,0.2220,0.3102
461.937,18.19,0.0000,4.52,0.2714,0.0000,0.3188,0.3040
462.072,10.56,0.0000,4.88,0.2928,0.0000,0.3248,0.3055
462.173,5.96,0.0000,5.23,0.3138,0.0000,0.3339,0.3055
462.283,28.24,0.0099,2.14,0.1284,0.0000,0.1898,0.2942
462.394,18.41,0.0000,4.04,0.2423,0.0000,0.3169,0.2853
462.501,14.79,0.0000,4.24,0.2545,0.0000,0.3274,0.2848
462.635,7.59,0.0000,4.54,0.2723,0.0000,0.3429,0.2930
462.772,13.45,0.0000,3.15,0.1890,0.0000,0.2673,0.2939
462.905,14.59,0.0000,5.08,0.3050,0.0000,0.3111,0.3010
463.024,12.17,0.0000,5.45,0.3273,0.0000,0.3131,0.2974
463.126,15.83,0.0000,4.64,0.2782,0.0000,0.3063,0.2960
463.228,8.38,0.0000,4.20,0.2521,0.0000,0.3219,0.2940
463.342,6.37,0.0000,5.18,0.3109,0.0000,0.3524,0.3021
463.464,5.83,0.0000,5.27,0.3160,0.0000,0.3541,0.3130
463.582,4.40,0.0000,5.14,0.3087,0.0000,0.3640,0.3172
463.701,8.23,0.0000,4.24,0.2545,0.0000,0.3448,0.3237
463.833,13.65,0.0000,5.53,0.3321,0.0000,0.3533,0.3341
463.954,10.88,0.0000,5.61,0.3364,0.0000,0.3603,0.3385
464.060,9.28,0.0000,6.17,0.3704,0.0000,0.3806,0.3444
464.170,10.90,0.0000,5.56,0.3337,0.0000,0.3674,0.3511
464.309,15.76,0.0000,6.06,0.3633,0.0000,0.3375,0.3538
464.410,14.29,0.0000,4.73,0.2839,0.0000,0.2995,0.3505
464.536,10.46,0.0000,5.93,0.3557,0.0000,0.3236,0.3453
464.650,10.89,0.0000,7.70,0.4618,0.0000,0.3347,0.3419
464.764,11.52,0.0000,8.47,0.5082,0.0000,0.3358,0.3400
464.867,14.32,0.0000,10.97,0.6583,0.0000,0.4034,0.3425
464.970,14.38,0.0000,11.57,0.6945,0.0000,0.4436,0.3528
465.096,12.79,0.0000,16.08,0.9646,0.0000,0.5562,0.3728
465.201,15.91,0.0000,17.40,1.0000,0.0000,0.5838,0.3936
465.303,15.32,0.0000,19.15,1.0000,0.0000,0.5963,0.4186
465.403,11.83,0.0000,17.15,1.0000,0.0000,0.6053,0.4470
465.537,9.52,0.0000,16.60,0.9961,0.0000,0.6125,0.4864
465.672,9.77,0.0000,16.26,0.9754,0.0000,0.6118,0.5224
465.803,10.08,0.0000,17.87,1.0000,0.0729,0.6301,0.5621
465.920,10.85,0.0000,20.88,1.0000,0.0746,0.6328,0.5915
466.035,11.95,0.0000,23.61,1.0000,0.0000,0.6266,0.6069
466.135,13.25,0.0000,25.07,1.0000,0.0000,0.6275,0.6141
466.269,13.63,0.0000,26.47,1.0000,0.0000,0.6283,0.6197
466.404,13.94,0.0000,27.19,1.0000,0.0000,0.6288,0.6234
466.533,14.80,0.0000,27.67,1.0000,0.0000,0.6291,0.6260
466.639,15.23,0.0000,26.72,1.0000,0.0000,0.6292,0.6280
466.766,15.43,0.0000,24.95,1.0000,0.0000,0.6292,0.6291
466.877,15.45,0.0000,23.60,1.0000,0.0000,0.6291,0.6289
466.988,15.11,0.0000,24.44,1.0000,0.0000,0.6292,0.6287
467.102,15.25,0.0000,23.20,1.0000,0.0000,0.6291,0.6289
467.438,15.70,0.0000,21.50,1.0000,0.0000,0.6290,0.6290
467.574,16.12,0.0000,20.35,1.0000,0.0000,0.6288,0.6291
467.675,16.06,0.0000,21.25,1.0000,0.0000,0.6287,0.6291
467.794,16.12,0.0000,20.95,1.0000,0.0000,0.6285,0.6290
467.895,16.75,0.0000,21.26,1.0000,0.0000,0.6282,0.6289
468.008,18.24,0.0000,20.31,1.0000,0.0000,0.6281,0.6288
468.127,20.12,0.0000,23.21,1.0000,0.0000,0.6282,0.6286
468.233,23.11,0.0000,22.31,1.0000,0.0000,0.6279,0.6285
468.336,26.17,0.0000,22.33,1.0000,0.0000,0.6279,0.6284
468.437,30.41,0.0000,23.27,1.0000,0.0000,0.6277,0.6283
468.540,32.26,0.0000,23.44,1.0000,0.0000,0.6281,0.6282
468.674,33.10,0.0000,23.48,1.0000,0.0000,0.6283,0.6281
468.805,32.69,0.0000,22.93,1.0000,0.0000,0.6286,0.6281
468.910,31.71,0.0000,23.29,1.0000,0.0000,0.6288,0.6282
469.012,31.24,0.0000,22.32,1.0000,0.0000,0.6289,0.6282
469.112,30.58,0.0000,23.39,1.0000,0.0000,0.6291,0.6283
469.247,30.86,0.0000,22.53,1.0000,0.0000,0.6292,0.6285
469.347,31.76,0.0000,23.05,1.0000,0.0000,0.6293,0.6286
469.451,32.29,0.0000,23.39,1.0000,0.0000,0.6293,0.6288
469.588,38.29,0.0000,26.46,1.0000,0.0000,0.6295,0.6290
469.722,42.43,0.0000,25.37,1.0000,0.0000,0.6296,0.6291
469.854,54.98,0.0000,21.87,1.0000,0.0000,0.6302,0.6293
469.956,68.14,0.0661,18.69,1.0000,0.0000,0.6541,0.6304
470.074,74.70,0.0055,19.84,1.0000,0.0000,0.7088,0.6395
470.211,81.84,0.0000,21.33,1.0000,0.0000,0.7935,0.6572
470.331,77.99,0.0000,25.45,1.0000,0.0000,0.7510,0.6755
470.467,79.62,0.0000,26.75,1.0000,0.0000,0.7233,0.6896
470.601,76.98,0.0000,29.10,1.0000,0.0000,0.6983,0.6998
470.732,74.94,0.0000,26.48,1.0000,0.0000,0.6788,0.7073
471.014,74.79,0.0000,21.72,1.0000,0.0000,0.6786,0.7105
471.135,77.32,0.0000,23.26,1.0000,0.0000,0.6860,0.7167
471.252,83.50,0.1403,14.43,0.8659,0.0000,0.7407,0.7198
471.355,87.47,0.1618,14.86,0.8919,0.0000,0.7621,0.7225
471.469,85.97,0.5429,10.90,0.6542,0.0000,0.7267,0.7192
471.602,88.02,0.4525,9.94,0.5966,0.0000,0.6892,0.7174
471.705,92.08,0.3742,12.19,0.7312,0.0000,0.7003,0.7208
471.833,79.82,0.0000,21.42,1.0000,0.0000,0.7512,0.7267
471.949,80.63,0.0000,23.04,1.0000,0.0000,0.7352,0.7348
472.072,79.54,0.0199,16.23,0.9740,0.0000,0.7348,0.7400
472.210,82.27,0.0000,20.92,1.0000,0.0000,0.7313,0.7453
472.328,82.81,0.0000,23.13,1.0000,0.0000,0.7167,0.7402
472.466,79.46,0.0000,20.48,1.0000,0.0000,0.7094,0.7335
472.575,81.49,0.0000,20.55,1.0000,0.0000,0.7014,0.7293
472.698,82.73,0.0000,24.60,1.0000,0.0000,0.7107,0.7258
472.845,84.32,0.0000,22.95,1.0000,0.0000,0.7238,0.7222
472.948,84.95,0.0000,17.83,1.0000,0.0000,0.7306,0.7207
473.077,92.68,0.0073,19.48,1.0000,0.0000,0.7508,0.7200
473.180,91.56,0.0816,18.85,1.0000,0.0000,0.7587,0.7212
473.311,88.89,0.0285,19.36,1.0000,0.0000,0.7517,0.7250
473.415,86.10,0.2518,14.04,0.8425,0.0000,0.7287,0.7276
473.539,89.46,0.1677,15.36,0.9215,0.0000,0.7414,0.7307
473.669,88.58,0.0000,22.26,1.0000,0.0000,0.7632,0.7367
473.797,86.48,0.0000,22.15,1.0000,0.0000,0.7705,0.7448
473.930,84.02,0.0000,20.71,1.0000,0.0000,0.7720,0.7510
474.075,87.29,0.0036,17.53,1.0000,0.0000,0.7820,0.7577
474.208,89.44,0.0000,22.06,1.0000,0.0000,0.7733,0.7611
474.332,85.14,0.0000,19.92,1.0000,0.0000,0.7619,0.7623
474.463,85.41,0.0000,19.63,1.0000,0.0000,0.7504,0.7653
474.598,86.22,0.0000,19.39,1.0000,0.0000,0.7433,0.7664
474.704,87.55,0.0099,17.30,1.0000,0.0000,0.7443,0.7637
474.835,87.28,0.0000,19.67,1.0000,0.0000,0.7422,0.7589
474.939,89.65,0.0000,17.09,1.0000,0.0000,0.7365,0.7551
475.077,86.30,0.1775,13.96,0.8376,0.0000,0.7063,0.7482
475.200,87.68,0.3500,11.55,0.6932,0.0000,0.7062,0.7368
475.308,88.58,0.2943,10.40,0.6239,0.0000,0.6920,0.7300
475.433,95.21,0.2120,0.00,0.0000,0.0000,0.5314,0.7098
475.535,93.35,0.2321,0.00,0.0000,0.0000,0.5458,0.6889
475.641,94.96,0.2471,0.00,0.0000,0.0000,0.5624,0.6705
475.774,96.24,0.1731,0.00,0.0000,0.0000,0.5587,0.6465
475.906,91.33,0.4115,0.00,0.0000,0.0000,0.5675,0.6239
476.008,90.87,0.1969,0.00,0.0000,0.0000,0.5453,0.6045
476.122,91.12,0.3066,13.80,0.8279,0.0000,0.8091,0.6101
476.224,96.24,0.1912,14.45,0.8667,0.0000,0.7974,0.6214
476.346,98.21,0.2223,9.60,0.5762,0.0000,0.6896,0.6230
476.457,96.47,0.1221,9.51,0.5704,0.0000,0.6816,0.6367
476.569,97.77,0.2800,9.71,0.5827,0.0000,0.6898,0.6492
476.705,100.32,0.0047,0.00,0.0000,0.0000,0.4756,0.6484
476.842,102.14,0.0147,0.00,0.0000,0.0000,0.4810,0.6372
476.969,103.95,0.0188,0.00,0.0000,0.0000,0.4868,0.6279
477.082,103.85,0.0379,0.00,0.0000,0.0000,0.4950,0.6021
477.208,105.19,0.0000,0.00,0.0000,0.0000,0.4922,0.5714
477.323,107.64,0.0000,0.00,0.0000,0.0000,0.4858,0.5400
477.468,108.38,0.0784,0.00,0.0000,0.0000,0.4926,0.5149
477.603,107.87,0.0770,0.00,0.0000,0.0000,0.5200,0.4999
477.703,107.03,0.0000,0.00,0.0000,0.0000,0.5187,0.4946
477.818,108.41,0.1607,0.00,0.0000,0.0000,0.5303,0.5017
477.927,108.78,0.0017,0.00,0.0000,0.0000,0.5236,0.5059
478.060,107.44,0.0000,0.00,0.0000,0.0000,0.5193,0.5111
478.174,108.03,0.0313,0.00,0.0000,0.0000,0.5319,0.5135
478.304,108.54,0.0000,0.00,0.0000,0.0000,0.5218,0.5171
478.445,108.46,0.0535,0.00,0.0000,0.0000,0.5012,0.5207
478.553,109.53,0.0237,9.94,0.5962,0.0000,0.6528,0.5233
478.663,109.14,0.0000,0.00,0.0000,0.0000,0.4800,0.5188
478.775,106.27,0.0000,0.00,0.0000,0.0000,0.4781,0.5137
478.901,107.80,0.0000,14.02,0.8413,0.0000,0.7189,0.5281
479.002,109.55,0.0007,12.74,0.7647,0.0000,0.6986,0.5462
479.109,111.28,0.0417,10.60,0.6361,0.0000,0.6545,0.5604
479.237,113.59,0.0000,11.42,0.6855,0.0000,0.6540,0.5770
479.359,112.31,0.0000,10.35,0.6213,0.0000,0.6374,0.5944
479.461,111.46,0.0000,12.23,0.7337,0.0000,0.6622,0.6085
479.579,109.50,0.0000,12.30,0.7383,0.0000,0.6546,0.6213
479.706,108.02,0.0000,8.93,0.5358,0.0000,0.5953,0.6434
479.818,109.12,0.0000,9.98,0.5988,0.0000,0.6289,0.6580
479.935,108.43,0.0000,11.75,0.7048,0.0000,0.6636,0.6513
480.067,109.20,0.0000,11.81,0.7089,0.0000,0.6702,0.6470
480.171,109.88,0.0000,11.02,0.6612,0.0000,0.6504,0.6477
480.302,110.24,0.0000,11.04,0.6627,0.0000,0.6419,0.6471
480.407,111.30,0.0000,11.50,0.6901,0.0000,0.6573,0.6478
480.537,106.72,0.0003,10.89,0.6531,0.0000,0.6350,0.6458
480.666,110.80,0.0000,8.28,0.4969,0.0000,0.5946,0.6385
480.808,109.23,0.0000,11.89,0.7137,0.0000,0.6467,0.6411
480.935,107.71,0.0000,12.84,0.7704,0.0000,0.6624,0.6440
481.078,109.71,0.0000,11.87,0.7123,0.0000,0.6411,0.6430
481.201,109.07,0.0000,12.09,0.7252,0.0000,0.6455,0.6410
481.301,108.39,0.0000,12.87,0.7723,0.0000,0.6635,0.6421
481.435,106.82,0.0000,15.81,0.9486,0.0000,0.7150,0.6458
481.550,109.47,0.0000,10.43,0.6259,0.0000,0.6369,0.6459
481.662,109.60,0.0000,11.50,0.6900,0.0000,0.6563,0.6524
481.763,107.23,0.0000,11.71,0.7027,0.0000,0.6547,0.6558
481.871,109.13,0.0000,11.57,0.6945,0.0000,0.6533,0.6544
481.999,106.64,0.0000,12.54,0.7523,0.0000,0.6642,0.6552
482.105,106.66,0.0000,13.04,0.7823,0.0000,0.6728,0.6585
482.222,106.71,0.0000,11.56,0.6937,0.0000,0.6516,0.6589
482.334,109.49,0.0000,11.18,0.6707,0.0000,0.6541,0.6581
482.447,108.41,0.0000,14.33,0.8599,0.0000,0.6972,0.6589
482.567,107.97,0.0000,12.74,0.7646,0.0000,0.6762,0.6631
482.671,109.21,0.0000,11.61,0.6969,0.0000,0.6488,0.6639
482.811,109.78,0.0000,11.13,0.6677,0.0000,0.6402,0.6600
482.917,109.55,0.0000,9.27,0.5564,0.0000,0.6145,0.6559
483.020,107.86,0.0000,9.92,0.5950,0.0000,0.6488,0.6543
483.153,108.67,0.0000,9.18,0.5506,0.0000,0.6436,0.6507
483.287,109.61,0.0000,11.15,0.6692,0.0000,0.6545,0.6527
483.424,106.86,0.0000,9.58,0.5747,0.0000,0.6283,0.6491
483.547,108.43,0.0000,10.88,0.6528,0.0000,0.6536,0.6450
483.657,109.21,0.0000,10.00,0.6000,0.0000,0.6468,0.6430
483.768,107.77,0.0000,9.31,0.5584,0.0000,0.6277,0.6420
483.913,106.83,0.0000,10.12,0.6070,0.0000,0.6211,0.6454
484.038,107.41,0.0000,8.12,0.4871,0.0000,0.5915,0.6430
484.139,106.97,0.0000,9.32,0.5592,0.0000,0.6129,0.6404
484.246,107.94,0.0000,8.92,0.5349,0.0000,0.6110,0.6357
484.381,106.71,0.0000,9.20,0.5517,0.0000,0.5842,0.6293
484.489,107.71,0.0000,10.02,0.6015,0.0000,0.6075,0.6240
484.633,107.20,0.0000,8.65,0.5192,0.0000,0.6012,0.6175
484.748,109.24,0.0000,7.38,0.4426,0.0000,0.5986,0.6146
484.880,109.58,0.0000,10.82,0.6489,0.0000,0.6466,0.6106
484.982,107.66,0.0000,9.20,0.5517,0.0000,0.6176,0.6103
485.114,106.67,0.0000,9.25,0.5552,0.0000,0.6130,0.6124
485.226,106.13,0.0000,9.36,0.5614,0.0000,0.6228,0.6125
485.340,107.07,0.0000,10.81,0.6487,0.0000,0.6503,0.6163
485.480,105.58,0.0000,11.50,0.6900,0.0000,0.6500,0.6224
485.605,108.38,0.0000,10.67,0.6403,0.0000,0.6680,0.6286
485.706,108.16,0.0000,8.47,0.5084,0.0000,0.6253,0.6328
485.834,109.67,0.0000,10.34,0.6207,0.0000,0.6385,0.6382
485.968,108.45,0.0000,9.53,0.5721,0.0000,0.6240,0.6368
486.110,106.05,0.0000,9.54,0.5724,0.0000,0.6018,0.6334
486.231,107.38,0.0000,9.24,0.5544,0.0000,0.6111,0.6327
486.343,106.97,0.0000,9.08,0.5450,0.0000,0.6065,0.6279
486.444,107.00,0.0000,7.68,0.4607,0.0000,0.5805,0.6234
486.579,107.28,0.0000,9.06,0.5437,0.0000,0.6240,0.6180
486.688,107.38,0.0000,9.84,0.5905,0.0000,0.6197,0.6141
486.795,108.91,0.0000,10.12,0.6070,0.0000,0.6192,0.6111
486.907,108.70,0.0000,9.43,0.5656,0.0000,0.6117,0.6096
487.046,107.83,0.0000,7.77,0.4663,0.0000,0.5747,0.6048
487.165,107.72,0.0000,9.17,0.5502,0.0000,0.5777,0.6024
487.294,108.22,0.0000,8.88,0.5330,0.0000,0.5755,0.5981
487.414,108.47,0.0000,9.87,0.5924,0.0000,0.5878,0.5961
487.518,110.24,0.0000,10.86,0.6516,0.0000,0.6170,0.5955
487.627,105.65,0.0000,13.10,0.7860,0.0000,0.6643,0.5999
487.754,99.94,0.0572,11.20,0.6720,0.0000,0.6196,0.6047
487.880,98.54,0.1574,10.40,0.6240,0.0000,0.6106,0.6054
487.993,98.81,0.1470,10.59,0.6354,0.0000,0.5965,0.6053
488.138,95.71,0.0482,10.69,0.6413,0.0000,0.5892,0.6062
488.268,95.30,0.0183,11.08,0.6650,0.0000,0.6344,0.6106
488.409,93.13,0.0000,8.89,0.5333,0.0000,0.6697,0.6222
488.525,96.56,0.0000,7.03,0.4215,0.0000,0.6382,0.6268
488.632,94.59,0.0000,8.17,0.4902,0.0000,0.6702,0.6238
488.735,92.79,0.0000,0.00,0.0000,0.0000,0.5500,0.6107
488.875,93.38,0.0000,5.27,0.3160,0.0000,0.6448,0.6083
489.010,96.84,0.0000,9.14,0.5482,0.0000,0.6858,0.6191
489.129,101.13,0.0000,6.24,0.3743,0.0000,0.6148,0.6238
489.229,104.67,0.0000,5.78,0.3465,0.0000,0.6016,0.6239
489.384,103.55,0.0000,7.49,0.4491,0.0000,0.6198,0.6199
489.488,105.05,0.0000,8.60,0.5162,0.0000,0.6138,0.6140
489.609,103.48,0.0000,7.24,0.4341,0.0000,0.5689,0.6126
489.729,104.19,0.0000,7.39,0.4436,0.0000,0.5573,0.6106
489.849,104.53,0.0000,6.18,0.3707,0.0000,0.5288,0.6059
489.952,103.82,0.0000,8.02,0.4811,0.0000,0.5662,0.5983
490.071,105.01,0.0000,8.88,0.5325,0.0000,0.5765,0.5861
490.183,106.14,0.0000,9.30,0.5577,0.0000,0.5691,0.5836
490.317,106.03,0.0000,10.52,0.6311,0.0000,0.5862,0.5776
490.418,104.37,0.0000,8.37,0.5022,0.0000,0.5455,0.5700
490.519,105.95,0.0000,7.66,0.4596,0.0000,0.5294,0.5651
490.640,104.20,0.0000,8.43,0.5059,0.0000,0.5419,0.5566
490.759,104.79,0.0000,7.85,0.4711,0.0000,0.5362,0.5528
490.872,106.39,0.0000,10.32,0.6193,0.0000,0.5717,0.5526
490.979,105.27,0.0000,10.34,0.6202,0.0000,0.5717,0.5520
491.103,105.19,0.0000,8.94,0.5361,0.0000,0.5418,0.5460
491.217,103.02,0.0000,7.93,0.4760,0.0000,0.5277,0.5422
491.349,105.20,0.0000,6.97,0.4183,0.0000,0.5020,0.5349
491.469,104.93,0.0000,8.72,0.5229,0.0000,0.5287,0.5343
491.594,104.92,0.0000,12.39,0.7436,0.0000,0.5946,0.5402
491.736,103.96,0.0000,9.03,0.5419,0.0000,0.5362,0.5438
491.838,104.74,0.0000,8.79,0.5271,0.0000,0.5313,0.5436
491.945,105.62,0.0000,7.60,0.4558,0.0000,0.5155,0.5383
492.072,104.57,0.0000,10.36,0.6215,0.0000,0.5842,0.5417
492.174,104.00,0.0000,9.83,0.5899,0.0000,0.5722,0.5457
492.308,104.55,0.0000,9.76,0.5856,0.0000,0.5805,0.5570
492.425,105.76,0.0000,8.30,0.4980,0.0000,0.5514,0.5624
492.550,104.33,0.0000,10.14,0.6086,0.0000,0.5840,0.5650
492.668,104.80,0.0000,10.59,0.6352,0.0000,0.6267,0.5697
492.806,103.76,0.0000,10.65,0.6391,0.0000,0.6559,0.5839
492.907,102.55,0.0000,12.31,0.7388,0.0000,0.6777,0.5974
493.031,102.48,0.0000,12.26,0.7353,0.0000,0.6728,0.6156
493.135,103.93,0.0000,8.88,0.5331,0.0000,0.6212,0.6227
493.240,103.25,0.0000,0.00,0.0000,0.0000,0.4745,0.6143
493.371,102.62,0.0000,0.00,0.0000,0.0000,0.4663,0.6093
493.503,102.39,0.0000,0.00,0.0000,0.0000,0.4878,0.6092
493.638,101.18,0.0000,0.00,0.0000,0.0000,0.4975,0.5941
493.750,100.65,0.0000,0.00,0.0000,0.0000,0.4966,0.5810
493.868,100.88,0.0000,10.65,0.6387,0.0000,0.6668,0.5911
494.005,103.72,0.0000,11.00,0.6602,0.0000,0.6813,0.5931
494.137,103.01,0.0000,0.00,0.0000,0.0000,0.4916,0.5928
494.238,103.29,0.0000,10.16,0.6095,0.0000,0.6711,0.6078
494.373,101.53,0.0000,10.21,0.6126,0.0000,0.6803,0.6245
494.503,102.01,0.0000,0.00,0.0000,0.0000,0.4899,0.6341
494.604,102.31,0.0000,0.00,0.0000,0.0000,0.4855,0.6337
494.740,103.91,0.0000,0.00,0.0000,0.0000,0.4795,0.6316
494.870,105.23,0.0000,0.00,0.0000,0.0000,0.4849,0.5985
494.974,106.49,0.0000,0.00,0.0000,0.0000,0.4763,0.5700
495.074,105.36,0.0000,0.00,0.0000,0.0000,0.4723,0.5464
495.208,104.28,0.0000,0.00,0.0000,0.0000,0.4755,0.5334
495.354,105.89,0.0000,0.00,0.0000,0.0000,0.4665,0.5118
495.474,105.54,0.0000,0.00,0.0000,0.0000,0.4696,0.4832
495.575,104.99,0.0000,9.98,0.5986,0.0000,0.6403,0.4926
495.708,104.39,0.0000,10.33,0.6200,0.0000,0.6432,0.5081
495.863,84.21,0.0000,10.03,0.6018,0.0000,0.6341,0.5255
495.965,94.42,0.0000,10.62,0.6373,0.0000,0.6639,0.5463
496.106,96.84,0.0000,10.39,0.6232,0.0000,0.6665,0.5684
496.231,102.17,0.0000,10.90,0.6542,0.0000,0.6675,0.5924
496.341,104.81,0.0000,12.23,0.7339,0.0000,0.6886,0.6080
496.442,106.70,0.0000,9.31,0.5586,0.0000,0.6304,0.6256
496.553,105.69,0.0000,9.63,0.5779,0.0000,0.6339,0.6424
496.686,105.09,0.0000,13.12,0.7870,0.0000,0.6941,0.6510
496.819,102.54,0.0000,9.69,0.5815,0.0000,0.6232,0.6525
496.920,105.02,0.0000,0.00,0.0000,0.0000,0.4481,0.6417
497.020,105.82,0.0000,12.26,0.7353,0.0000,0.6598,0.6421
497.141,104.80,0.0000,0.00,0.0000,0.0000,0.4611,0.6239
497.271,105.49,0.0000,0.00,0.0000,0.0000,0.4927,0.5996
497.389,103.69,0.0000,0.00,0.0000,0.0000,0.4920,0.5759
497.502,104.96,0.0000,0.00,0.0000,0.0000,0.5050,0.5582
497.607,104.82,0.0000,0.00,0.0000,0.0000,0.5052,0.5495
497.740,102.39,0.0000,0.00,0.0000,0.0000,0.4995,0.5239
497.872,105.95,0.0000,0.00,0.0000,0.0000,0.5110,0.5130
497.994,103.52,0.0000,0.00,0.0000,0.0000,0.4990,0.4994
498.121,105.83,0.0000,0.00,0.0000,0.0000,0.4920,0.5030
498.237,105.20,0.0000,10.28,0.6168,0.0000,0.6750,0.5293
498.337,104.09,0.0000,12.95,0.7772,0.0000,0.7175,0.5502
498.486,103.73,0.0000,0.00,0.0000,0.0000,0.5033,0.5638
498.607,103.62,0.0000,11.40,0.6843,0.0000,0.7093,0.5700
498.708,105.56,0.0000,11.80,0.7081,0.0000,0.7035,0.5910
498.842,106.36,0.0000,0.00,0.0000,0.0000,0.5004,0.5908
498.989,105.66,0.0000,0.00,0.0000,0.0000,0.4908,0.5894
499.107,105.09,0.0000,0.00,0.0000,0.0000,0.4786,0.5813
499.221,102.77,0.0000,0.00,0.0000,0.0000,0.4905,0.5626
499.342,103.33,0.0000,0.00,0.0000,0.0000,0.5140,0.5368
499.445,105.12,0.0000,0.00,0.0000,0.0000,0.4958,0.5241
499.556,104.89,0.0000,0.00,0.0000,0.0000,0.4783,0.5224
499.659,106.01,0.0000,0.00,0.0000,0.0000,0.4716,0.5051
499.764,105.94,0.0000,0.00,0.0000,0.0000,0.4766,0.4880
499.877,105.04,0.0000,0.00,0.0000,0.0000,0.4642,0.4846
499.993,105.63,0.0000,0.00,0.0000,0.0000,0.4714,0.4811
500.121,106.82,0.0000,0.00,0.0000,0.0000,0.4797,0.4806
500.224,106.03,0.0000,0.00,0.0000,0.0000,0.4678,0.4795
500.345,104.14,0.0000,0.00,0.0000,0.0000,0.4672,0.4743
500.472,106.38,0.0000,0.00,0.0000,0.0000,0.4624,0.4701
500.572,107.33,0.0000,0.00,0.0000,0.0000,0.4644,0.4685
500.674,106.95,0.0000,0.00,0.0000,0.0000,0.4740,0.4680
500.806,106.69,0.0000,0.00,0.0000,0.0000,0.4519,0.4667
500.908,105.60,0.0000,0.00,0.0000,0.0000,0.4575,0.4663
501.009,105.16,0.0000,0.00,0.0000,0.0000,0.4519,0.4652
501.141,105.16,0.0000,0.00,0.0000,0.0000,0.4404,0.4611
501.289,104.92,0.0000,0.00,0.0000,0.0000,0.4483,0.4586
501.421,105.94,0.0000,0.00,0.0000,0.0000,0.4474,0.4565
501.539,109.34,0.0000,10.15,0.6088,0.0000,0.6245,0.4799
501.653,106.82,0.0000,8.90,0.5339,0.0000,0.5983,0.4932
501.776,106.37,0.0000,0.00,0.0000,0.0000,0.4410,0.4890
501.911,106.64,0.0000,10.52,0.6313,0.0000,0.6262,0.4930
502.091,80.71,0.0000,13.20,0.7922,0.0000,0.6668,0.4993
502.198,94.87,0.0000,11.33,0.6800,0.0000,0.6413,0.5276
502.310,101.95,0.0000,9.36,0.5617,0.0000,0.6243,0.5448
502.441,105.96,0.0000,9.05,0.5430,0.0000,0.6294,0.5671
502.575,107.17,0.0000,10.18,0.6106,0.0000,0.6339,0.5668
502.680,109.24,0.0000,10.41,0.6244,0.0000,0.6387,0.5769
502.794,110.14,0.0000,9.19,0.5513,0.0000,0.6198,0.5945
502.905,109.85,0.0000,9.67,0.5801,0.0000,0.6241,0.6126
503.026,110.57,0.0000,9.77,0.5861,0.0000,0.6265,0.6302
503.127,108.62,0.0000,9.16,0.5495,0.0000,0.6375,0.6268
503.244,108.05,0.0000,9.52,0.5714,0.0000,0.6409,0.6271
503.344,108.05,0.0000,9.19,0.5514,0.0000,0.6374,0.6295
503.466,106.89,0.0000,8.61,0.5163,0.0000,0.6373,0.6321
503.624,106.31,0.0000,7.22,0.4333,0.0000,0.6076,0.6298
503.743,106.18,0.0000,0.00,0.0000,0.0000,0.4868,0.6163
503.861,90.96,0.0000,10.89,0.6536,0.0000,0.6592,0.6159
504.027,95.54,0.4534,9.63,0.5778,0.0000,0.6465,0.6170
504.147,92.09,0.8439,7.77,0.4659,0.0000,0.6076,0.6135
504.248,87.71,0.9657,11.36,0.6814,0.0000,0.6711,0.6155
504.385,73.73,1.0000,15.99,0.9592,0.0000,0.7391,0.6227
504.523,62.87,1.0000,18.92,1.0000,0.0000,0.7387,0.6364
504.659,49.64,1.0000,13.88,0.8325,0.0000,0.6725,0.6454
504.781,31.26,1.0000,10.09,0.6053,0.0000,0.5911,0.6543
504.890,12.27,0.4069,8.61,0.5165,0.0000,0.5274,0.6475
504.997,2.87,0.0000,8.35,0.5008,0.0000,0.4944,0.6297
505.113,3.33,0.0000,8.64,0.5186,0.0000,0.4954,0.6181
505.245,4.01,0.0000,9.12,0.5472,0.0000,0.4999,0.5983
505.358,4.80,0.0000,9.11,0.5464,0.0000,0.4970,0.5797
505.462,5.89,0.0000,8.35,0.5011,0.0000,0.4810,0.5444
505.610,6.52,0.0000,7.76,0.4653,0.0000,0.4653,0.5134
505.726,6.62,0.0000,7.18,0.4307,0.0000,0.4486,0.4970
505.827,6.53,0.0000,6.33,0.3797,0.0000,0.4300,0.4824
505.949,6.30,0.0000,6.20,0.3723,0.0000,0.4241,0.4699
506.050,6.21,0.0000,5.89,0.3535,0.0000,0.4185,0.4627
506.168,6.01,0.0000,5.52,0.3313,0.0000,0.4111,0.4525
506.300,6.04,0.0000,4.46,0.2677,0.0000,0.3942,0.4400
506.400,6.11,0.0000,3.53,0.2118,0.0000,0.3474,0.4268
506.534,6.07,0.0000,0.80,0.0478,0.0000,0.1800,0.3968
506.653,6.06,0.0000,-1.39,0.0596,0.0000,0.1093,0.3531
506.754,5.99,0.0000,-2.21,0.0947,0.0000,0.0969,0.3191
506.867,5.82,0.0000,-4.11,0.1759,0.0000,0.0649,0.2839
506.968,4.87,0.0593,-4.21,0.1805,0.0000,0.0677,0.2481
507.102,3.91,0.2184,-6.14,0.2631,0.0000,0.1216,0.2059
507.203,3.51,0.3892,-6.23,0.2671,0.0000,0.1327,0.1781
507.307,2.76,0.4565,-4.54,0.1947,0.0000,0.0844,0.1481
507.440,2.97,0.4257,-3.43,0.1472,0.0000,0.1030,0.1148
507.570,2.86,0.4190,-2.63,0.1127,0.0000,0.1175,0.1009
507.674,2.87,0.3985,-2.39,0.1025,0.0405,0.1251,0.1007
507.776,3.35,0.3841,-1.46,0.0626,0.0836,0.1455,0.1049
507.908,4.16,0.3395,-1.05,0.0449,0.0703,0.1493,0.1146
508.008,4.57,0.3321,-0.85,0.0363,0.0526,0.1509,0.1228
508.109,4.52,0.3191,-0.34,0.0147,0.0709,0.1612,0.1279
508.213,4.77,0.3527,-0.66,0.0281,0.1115,0.1610,0.1308
508.329,4.56,0.3525,0.24,0.0146,0.2071,0.1976,0.1418
508.451,4.52,0.3201,0.86,0.0514,0.2429,0.2372,0.1570
508.588,4.99,0.2769,1.46,0.0875,0.2848,0.2766,0.1757
508.689,5.28,0.2193,1.99,0.1195,0.1875,0.2966,0.1917
508.826,6.23,0.0721,1.72,0.1030,0.0000,0.2518,0.2071
508.952,6.93,0.0353,1.20,0.0718,0.0000,0.2153,0.2185
509.052,7.20,0.0342,0.70,0.0418,0.0000,0.1828,0.2222
509.176,7.49,0.0678,-0.82,0.0351,0.0000,0.1278,0.2204
509.288,7.93,0.0815,-2.94,0.1260,0.0000,0.0903,0.2131
509.407,6.75,0.1438,-3.49,0.1494,0.0000,0.0840,0.1971
509.519,5.77,0.1691,-3.80,0.1627,0.0000,0.0806,0.1807
509.652,4.41,0.0769,-4.50,0.1930,0.0000,0.0648,0.1528
509.770,3.51,0.0145,-3.86,0.1656,0.0000,0.0739,0.1261
509.914,3.08,0.0067,-5.28,0.2262,0.0000,0.0820,0.1034
510.055,2.74,0.0000,-4.61,0.1976,0.0000,0.0596,0.0858
510.183,3.62,0.0000,-4.77,0.2043,0.0000,0.0640,0.0742
510.298,1.55,0.0000,-5.87,0.2518,0.0209,0.1028,0.0724
510.421,0.16,0.0000,-7.30,0.3131,0.0000,0.1485,0.0770
510.557,0.21,0.0000,-8.10,0.3473,0.0000,0.1747,0.0888
510.665,0.71,0.0000,-8.51,0.3647,0.0000,0.1877,0.1048
510.791,0.20,0.0000,-8.38,0.3590,0.0000,0.1829,0.1162
510.913,1.78,0.0337,-7.68,0.3294,0.0128,0.1629,0.1295
511.034,2.81,0.0000,-5.05,0.2165,0.0000,0.0720,0.1340
511.158,2.96,0.0000,-3.28,0.1405,0.0000,0.0857,0.1356
511.286,2.70,0.0000,-1.41,0.0606,0.0000,0.1180,0.1403
511.387,2.83,0.0000,-0.46,0.0197,0.0000,0.1347,0.1415
511.510,2.61,0.0000,-0.23,0.0099,0.0000,0.1395,0.1391
511.654,2.70,0.0000,-0.35,0.0149,0.0000,0.1380,0.1342
511.783,2.52,0.0000,-1.19,0.0510,0.0000,0.1231,0.1264
511.898,2.61,0.0333,-1.44,0.0616,0.0000,0.1206,0.1197
512.011,2.39,0.0300,-1.16,0.0497,0.0000,0.1257,0.1211
512.113,2.38,0.0399,-1.43,0.0615,0.0000,0.1213,0.1261
512.236,2.05,0.0529,-1.55,0.0665,0.0000,0.1200,0.1290
512.360,2.25,0.0815,-2.52,0.1078,0.0000,0.1040,0.1281
512.488,2.26,0.0778,-2.89,0.1239,0.0000,0.0971,0.1222
512.623,3.15,0.0433,-1.84,0.0787,0.0000,0.1145,0.1171
512.727,3.44,0.0376,-2.02,0.0868,0.0000,0.1108,0.1142
512.829,3.83,0.0717,-1.35,0.0580,0.0000,0.1247,0.1142
512.957,4.75,0.0329,-0.54,0.0230,0.0000,0.1375,0.1155
513.062,5.23,0.0000,0.82,0.0495,0.0000,0.1961,0.1212
513.190,5.50,0.0000,1.04,0.0623,0.0000,0.2092,0.1315
513.322,5.72,0.0000,1.59,0.0956,0.0000,0.2433,0.1478
513.424,5.54,0.0000,1.85,0.1107,0.0000,0.2587,0.1628
513.561,5.55,0.0000,1.95,0.1172,0.0000,0.2652,0.1847
513.661,5.57,0.0000,2.01,0.1208,0.0000,0.2689,0.2007
513.769,5.57,0.0000,2.11,0.1268,0.0000,0.2748,0.2218
513.881,5.65,0.0000,1.95,0.1169,0.0000,0.2648,0.2361
513.994,5.71,0.0000,2.05,0.1230,0.0000,0.2708,0.2481
514.119,5.48,0.0000,1.87,0.1124,0.0000,0.2602,0.2576
514.251,5.39,0.0000,1.81,0.1084,0.0000,0.2562,0.2619
514.360,5.09,0.0000,1.53,0.0917,0.0000,0.2393,0.2626
514.461,4.84,0.0000,1.29,0.0772,0.0000,0.2247,0.2598
514.582,4.40,0.0226,1.05,0.0627,0.0000,0.2111,0.2536
514.694,4.19,0.0141,0.81,0.0484,0.0000,0.1961,0.2470
514.799,4.08,0.0000,0.83,0.0500,0.0000,0.1970,0.2395
514.917,4.13,0.0000,0.85,0.0507,0.0000,0.1978,0.2300
515.018,4.30,0.0000,1.09,0.0655,0.0100,0.2140,0.2241
515.128,4.40,0.0000,1.07,0.0640,0.0000,0.2114,0.2190
515.255,4.46,0.0000,1.23,0.0739,0.0000,0.2216,0.2133
515.383,4.54,0.0000,1.48,0.0887,0.0000,0.2368,0.2113
515.490,4.74,0.0000,1.75,0.1051,0.0000,0.2537,0.2144
515.592,4.84,0.0000,1.80,0.1079,0.0000,0.2566,0.2186
515.717,4.85,0.0000,2.12,0.1270,0.0000,0.2760,0.2271
515.849,4.90,0.0000,2.33,0.1397,0.0000,0.2890,0.2384
515.950,4.95,0.0000,2.40,0.1438,0.0000,0.2933,0.2480
516.083,5.16,0.0000,2.44,0.1464,0.0000,0.2959,0.2590
516.216,5.20,0.0000,2.42,0.1453,0.0000,0.2948,0.2700
516.350,5.10,0.0000,2.58,0.1545,0.0000,0.3043,0.2802
516.450,5.23,0.0000,2.71,0.1627,0.0000,0.3127,0.2861
516.551,5.30,0.0000,2.70,0.1618,0.0000,0.3117,0.2917
516.684,5.23,0.0000,2.60,0.1562,0.0000,0.3060,0.2980
516.831,5.27,0.0000,2.60,0.1559,0.0000,0.3056,0.3017
516.934,5.27,0.0000,2.61,0.1569,0.0000,0.3066,0.3031
517.036,5.25,0.0000,2.27,0.1363,0.0000,0.2855,0.3033
